type: color
diffuseColor: 0.0549 0.0078 0 1
specularColor: 0.393548 0.271906 0.166721 1
selfIluminationColor: 0 0 0 1
specularPower: 25.6
subType: 1
