type: color
diffuseColor: 0.50754 0.50754 0.50754 1.0
specularColor: 0.508273 0.508273 0.508273 1
selfIluminationColor: 0 0 0 1
specularPower: 52.1
subType: 1
