Material name: lord_and_klinopis
Vertex Count: 128
54 -102.001 0 0.75 0.6608 0.984808 0 0.173648 -0.173648 0 0.984808 -0 -1 0
54 -9.9995 0 0.75 0.3602 0.984808 0 0.173648 -0.173648 0 0.984808 -0 -1 0
50.7434 -9.9995 18.4691 0.8048 0.3602 0.984808 0 0.173648 -0.173648 0 0.984808 -0 -1 0
50.7434 -102.001 18.4691 0.8048 0.6608 0.984808 0 0.173648 -0.173648 0 0.984808 0 -1 0
50.7434 -102.001 18.4691 0.8048 0.6608 0.866025 0 0.500002 -0.500002 0 0.866025 -0 -1 0
50.7434 -9.9995 18.4691 0.8048 0.3602 0.866025 0 0.500002 -0.500002 0 0.866025 -0 -1 0
41.3664 -9.9995 34.7105 0.8599 0.3602 0.866025 0 0.500002 -0.500002 0 0.866025 -0 -1 0
41.3664 -102.001 34.7105 0.8599 0.6608 0.866025 0 0.500002 -0.500002 0 0.866025 0 -1 0
54 102 0 0.75 -0.00559998 0.984808 0 0.173648 -0.173648 0 0.984808 0 -1 0
50.7434 102 18.4691 0.8048 -0.00559998 0.984808 0 0.173648 -0.173648 0 0.984808 0 -1 0
50.7434 -9.9995 18.4691 0.8048 0.3602 0.984808 0 0.173648 -0.173648 0 0.984808 0 -1 0
54 -9.9995 0 0.75 0.3602 0.984808 0 0.173648 -0.173648 -0 0.984808 0 -1 0
50.7434 -102.001 -18.4691 0.6952 0.6608 0.984808 0 -0.173648 0.173648 0 0.984808 0 -1 0
50.7434 -9.9995 -18.4691 0.6952 0.3602 0.984808 0 -0.173648 0.173648 0 0.984808 0 -1 0
54 -9.9995 0 0.75 0.3602 0.984808 0 -0.173648 0.173648 0 0.984808 0 -1 0
54 -102.001 0 0.75 0.6608 0.984808 0 -0.173648 0.173648 0 0.984808 0 -1 0
41.3664 -102.001 34.7105 0.8599 0.6608 0.642787 0 0.766045 -0.766045 0 0.642787 -0 -1 0
41.3664 -9.9995 34.7105 0.8599 0.3602 0.642787 0 0.766045 -0.766045 0 0.642787 -0 -1 0
27 -9.9995 46.7653 0.9156 0.3602 0.642787 0 0.766045 -0.766045 0 0.642787 -0 -1 0
27 -102.001 46.7653 0.9156 0.6608 0.642787 0 0.766045 -0.766045 0 0.642787 0 -1 0
50.7434 102 18.4691 0.8048 -0.00559998 0.866024 0 0.500002 -0.500002 0 0.866024 0 -1 0
41.3664 102 34.7105 0.8599 -0.00559998 0.866024 0 0.500002 -0.500002 0 0.866024 0 -1 0
41.3664 -9.9995 34.7105 0.8599 0.3602 0.866024 0 0.500002 -0.500002 0 0.866024 0 -1 0
50.7434 -9.9995 18.4691 0.8048 0.3602 0.866024 0 0.500002 -0.500002 -0 0.866024 0 -1 0
50.7434 102 -18.4691 0.6952 -0.00559998 0.984808 0 -0.173648 0.173648 0 0.984808 0 -1 0
54 102 0 0.75 -0.00559998 0.984808 0 -0.173648 0.173648 0 0.984808 0 -1 0
41.3664 -102.001 -34.7106 0.6401 0.6608 0.866026 0 -0.5 0.5 0 0.866026 0 -1 0
41.3664 -9.9995 -34.7106 0.6401 0.3602 0.866026 0 -0.5 0.5 0 0.866026 0 -1 0
50.7434 -9.9995 -18.4691 0.6952 0.3602 0.866026 0 -0.5 0.5 0 0.866026 0 -1 0
50.7434 -102.001 -18.4691 0.6952 0.6608 0.866026 0 -0.5 0.5 0 0.866026 0 -1 0
27 -102.001 46.7653 0.9156 0.6608 0.342023 0 0.939692 -0.939692 0 0.342023 -0 -1 0
27 -9.9995 46.7653 0.9156 0.3602 0.342023 0 0.939692 -0.939692 0 0.342023 -0 -1 0
9.37701 -9.9995 53.1796 0.9718 0.3602 0.342023 0 0.939692 -0.939692 0 0.342023 -0 -1 0
9.37701 -102.001 53.1796 0.9718 0.6608 0.342023 0 0.939692 -0.939692 0 0.342023 0 -1 0
41.3664 102 34.7105 0.8599 -0.00559998 0.642787 0 0.766045 -0.766045 0 0.642787 0 -1 0
27 102 46.7653 0.9156 -0.00559998 0.642787 0 0.766045 -0.766045 0 0.642787 0 -1 0
27 -9.9995 46.7653 0.9156 0.3602 0.642787 0 0.766045 -0.766045 0 0.642787 0 -1 0
41.3664 -9.9995 34.7105 0.8599 0.3602 0.642787 0 0.766045 -0.766045 -0 0.642787 0 -1 0
41.3664 102 -34.7106 0.6401 -0.00559998 0.866026 0 -0.5 0.5 0 0.866026 0 -1 0
50.7434 102 -18.4691 0.6952 -0.00559998 0.866026 0 -0.5 0.5 0 0.866026 0 -1 0
50.7434 -9.9995 -18.4691 0.6952 0.3602 0.866026 0 -0.5 0.5 0 0.866026 0 -1 0
41.3664 -9.9995 -34.7106 0.6401 0.3602 0.866026 0 -0.5 0.5 -0 0.866026 0 -1 0
27 -102.001 -46.7654 0.5844 0.6608 0.642787 0 -0.766045 0.766045 0 0.642787 0 -1 0
27 -9.9995 -46.7654 0.5844 0.3602 0.642787 0 -0.766045 0.766045 0 0.642787 0 -1 0
41.3664 -9.9995 -34.7106 0.6401 0.3602 0.642787 0 -0.766045 0.766045 0 0.642787 0 -1 0
41.3664 -102.001 -34.7106 0.6401 0.6608 0.642787 0 -0.766045 0.766045 0 0.642787 0 -1 0
9.37701 -102.001 53.1796 -0.0282 0.6608 0 0 1 -1 0 0 -0 -1 0
9.37701 -9.9995 53.1796 -0.0282 0.3602 0 0 1 -1 0 0 -0 -1 0
-9.37695 -9.9995 53.1796 0.0282 0.3602 0 0 1 -1 0 0 -0 -1 0
-9.37695 -102.001 53.1796 0.0282 0.6608 0 0 1 -1 0 0 0 -1 0
27 102 46.7653 0.9156 -0.00559998 0.342023 0 0.939692 -0.939692 0 0.342023 0 -1 0
9.37701 102 53.1796 0.9718 -0.00559998 0.342023 0 0.939692 -0.939692 0 0.342023 0 -1 0
27 102 -46.7654 0.5844 -0.00559998 0.642787 0 -0.766045 0.766045 0 0.642787 0 -1 0
41.3664 102 -34.7106 0.6401 -0.00559998 0.642787 0 -0.766045 0.766045 0 0.642787 0 -1 0
41.3664 -9.9995 -34.7106 0.6401 0.3602 0.642787 0 -0.766045 0.766045 0 0.642787 0 -1 0
27 -9.9995 -46.7654 0.5844 0.3602 0.642787 0 -0.766045 0.766045 -0 0.642787 0 -1 0
9.37689 -102.001 -53.1796 0.5282 0.6608 0.342015 0 -0.939694 0.939694 0 0.342015 0 -1 0
9.37689 -9.9995 -53.1796 0.5282 0.3602 0.342015 0 -0.939694 0.939694 0 0.342015 0 -1 0
27 -9.9995 -46.7654 0.5844 0.3602 0.342015 0 -0.939694 0.939694 0 0.342015 0 -1 0
27 -102.001 -46.7654 0.5844 0.6608 0.342015 0 -0.939694 0.939694 0 0.342015 0 -1 0
-9.37695 -102.001 53.1796 0.0282 0.6608 -0.342022 0 0.939692 -0.939692 0 -0.342022 -0 -1 -0
-9.37695 -9.9995 53.1796 0.0282 0.3602 -0.342022 0 0.939692 -0.939692 0 -0.342022 -0 -1 -0
-27 -9.9995 46.7653 0.0844 0.3602 -0.342022 0 0.939692 -0.939692 0 -0.342022 -0 -1 -0
-27 -102.001 46.7653 0.0844 0.6608 -0.342022 0 0.939692 -0.939692 0 -0.342022 0 -1 0
9.37701 102 53.1796 0.9718 -0.00559998 0 0 1 -1 0 0 0 -1 0
-9.37695 102 53.1796 1.0282 -0.00559998 0 0 1 -1 0 0 0 -1 0
-9.37695 -9.9995 53.1796 1.0282 0.3602 0 0 1 -1 0 0 0 -1 0
9.37701 -9.9995 53.1796 0.9718 0.3602 -0 0 1 -1 -0 -0 0 -1 0
9.37689 102 -53.1796 0.5282 -0.00559998 0.342015 0 -0.939694 0.939694 0 0.342015 0 -1 0
27 102 -46.7654 0.5844 -0.00559998 0.342015 0 -0.939694 0.939694 0 0.342015 0 -1 0
-9.37695 -102.001 -53.1796 0.4718 0.6608 0 0 -1 1 0 0 0 -1 0
-9.37695 -9.9995 -53.1796 0.4718 0.3602 0 0 -1 1 0 0 0 -1 0
9.37689 -9.9995 -53.1796 0.5282 0.3602 0 0 -1 1 0 0 0 -1 0
9.37689 -102.001 -53.1796 0.5282 0.6608 0 0 -1 1 0 0 0 -1 0
-27 -102.001 46.7653 0.0844 0.6608 -0.642787 0 0.766045 -0.766045 0 -0.642787 -0 -1 -0
-27 -9.9995 46.7653 0.0844 0.3602 -0.642787 0 0.766045 -0.766045 0 -0.642787 -0 -1 -0
-41.3664 -9.9995 34.7105 0.1401 0.3602 -0.642787 0 0.766045 -0.766045 0 -0.642787 -0 -1 -0
-41.3664 -102.001 34.7105 0.1401 0.6608 -0.642787 0 0.766045 -0.766045 0 -0.642787 0 -1 0
-9.37695 102 53.1796 0.0282 -0.00559998 -0.342022 0 0.939692 -0.939692 0 -0.342022 0 -1 0
-27 102 46.7653 0.0844 -0.00559998 -0.342022 0 0.939692 -0.939692 0 -0.342022 0 -1 0
-9.37695 102 -53.1796 0.4718 -0.00559998 0 0 -1 1 0 0 0 -1 0
9.37689 102 -53.1796 0.5282 -0.00559998 0 0 -1 1 0 0 0 -1 0
-27 -102.001 -46.7654 0.4156 0.6608 -0.342016 0 -0.939694 0.939694 0 -0.342016 0 -1 -0
-27 -9.9995 -46.7654 0.4156 0.3602 -0.342016 0 -0.939694 0.939694 0 -0.342016 0 -1 -0
-9.37695 -9.9995 -53.1796 0.4718 0.3602 -0.342016 0 -0.939694 0.939694 0 -0.342016 0 -1 -0
-9.37695 -102.001 -53.1796 0.4718 0.6608 -0.342016 -0 -0.939694 0.939694 0 -0.342016 0 -1 0
-41.3664 -102.001 34.7105 0.1401 0.6608 -0.866024 0 0.500002 -0.500002 0 -0.866024 -0 -1 -0
-41.3664 -9.9995 34.7105 0.1401 0.3602 -0.866024 0 0.500002 -0.500002 0 -0.866024 -0 -1 -0
-50.7434 -9.9995 18.4691 0.1952 0.3602 -0.866024 0 0.500002 -0.500002 0 -0.866024 -0 -1 -0
-50.7434 -102.001 18.4691 0.1952 0.6608 -0.866024 0 0.500002 -0.500002 0 -0.866024 0 -1 0
-27 102 46.7653 0.0844 -0.00559998 -0.642787 0 0.766045 -0.766045 0 -0.642787 0 -1 0
-41.3664 102 34.7105 0.1401 -0.00559998 -0.642787 0 0.766045 -0.766045 0 -0.642787 0 -1 0
-41.3664 -9.9995 34.7105 0.1401 0.3602 -0.642787 0 0.766045 -0.766045 0 -0.642787 0 -1 0
-27 -9.9995 46.7653 0.0844 0.3602 -0.642787 0 0.766045 -0.766045 -0 -0.642787 0 -1 0
-27 102 -46.7654 0.4156 -0.00559998 -0.342016 -0 -0.939694 0.939694 0 -0.342016 0 -1 0
-9.37695 102 -53.1796 0.4718 -0.00559998 -0.342016 -0 -0.939694 0.939694 0 -0.342016 0 -1 0
-9.37695 -9.9995 -53.1796 0.4718 0.3602 -0.342016 -0 -0.939694 0.939694 0 -0.342016 0 -1 0
-27 -9.9995 -46.7654 0.4156 0.3602 -0.342016 -0 -0.939694 0.939694 -0 -0.342016 0 -1 0
-41.3664 -102.001 -34.7105 0.3599 0.6608 -0.64279 0 -0.766043 0.766043 0 -0.64279 0 -1 -0
-41.3664 -9.9995 -34.7105 0.3599 0.3602 -0.64279 0 -0.766043 0.766043 0 -0.64279 0 -1 -0
-27 -9.9995 -46.7654 0.4156 0.3602 -0.64279 0 -0.766043 0.766043 0 -0.64279 0 -1 -0
-27 -102.001 -46.7654 0.4156 0.6608 -0.64279 -0 -0.766043 0.766043 0 -0.64279 0 -1 0
-50.7434 -102.001 18.4691 0.1952 0.6608 -0.984808 0 0.173648 -0.173648 0 -0.984808 -0 -1 -0
-50.7434 -9.9995 18.4691 0.1952 0.3602 -0.984808 0 0.173648 -0.173648 0 -0.984808 -0 -1 -0
-54 -9.9995 0 0.25 0.3602 -0.984808 0 0.173648 -0.173648 0 -0.984808 -0 -1 -0
-54 -102.001 0 0.25 0.6608 -0.984808 0 0.173648 -0.173648 0 -0.984808 0 -1 0
-41.3664 102 34.7105 0.1401 -0.00559998 -0.866024 0 0.500002 -0.500002 0 -0.866024 0 -1 0
-50.7434 102 18.4691 0.1952 -0.00559998 -0.866024 0 0.500002 -0.500002 0 -0.866024 0 -1 0
-41.3664 102 -34.7105 0.3599 -0.00559998 -0.64279 -0 -0.766043 0.766043 0 -0.64279 0 -1 0
-27 102 -46.7654 0.4156 -0.00559998 -0.64279 -0 -0.766043 0.766043 0 -0.64279 0 -1 0
-27 -9.9995 -46.7654 0.4156 0.3602 -0.64279 -0 -0.766043 0.766043 0 -0.64279 0 -1 0
-41.3664 -9.9995 -34.7105 0.3599 0.3602 -0.64279 -0 -0.766043 0.766043 -0 -0.64279 0 -1 0
-50.7434 -102.001 -18.4691 0.3048 0.6608 -0.866024 0 -0.500002 0.500002 0 -0.866024 0 -1 -0
-50.7434 -9.9995 -18.4691 0.3048 0.3602 -0.866024 0 -0.500002 0.500002 0 -0.866024 0 -1 -0
-41.3664 -9.9995 -34.7105 0.3599 0.3602 -0.866024 0 -0.500002 0.500002 0 -0.866024 0 -1 -0
-41.3664 -102.001 -34.7105 0.3599 0.6608 -0.866024 -0 -0.500002 0.500002 0 -0.866024 0 -1 0
-54 -102.001 0 0.25 0.6608 -0.984808 0 -0.173648 0.173648 0 -0.984808 0 -1 -0
-54 -9.9995 0 0.25 0.3602 -0.984808 0 -0.173648 0.173648 0 -0.984808 0 -1 -0
-50.7434 -9.9995 -18.4691 0.3048 0.3602 -0.984808 0 -0.173648 0.173648 0 -0.984808 0 -1 -0
-50.7434 -102.001 -18.4691 0.3048 0.6608 -0.984808 -0 -0.173648 0.173648 0 -0.984808 0 -1 0
-50.7434 102 18.4691 0.1952 -0.00559998 -0.984808 0 0.173648 -0.173648 0 -0.984808 0 -1 0
-54 102 0 0.25 -0.00559998 -0.984808 0 0.173648 -0.173648 0 -0.984808 0 -1 0
-50.7434 102 -18.4691 0.3048 -0.00559998 -0.866024 -0 -0.500002 0.500002 0 -0.866024 0 -1 0
-41.3664 102 -34.7105 0.3599 -0.00559998 -0.866024 -0 -0.500002 0.500002 0 -0.866024 0 -1 0
-54 102 0 0.25 -0.00559998 -0.984808 -0 -0.173648 0.173648 0 -0.984808 0 -1 0
-50.7434 102 -18.4691 0.3048 -0.00559998 -0.984808 -0 -0.173648 0.173648 0 -0.984808 0 -1 0
-50.7434 -9.9995 -18.4691 0.3048 0.3602 -0.984808 -0 -0.173648 0.173648 0 -0.984808 0 -1 0
-54 -9.9995 0 0.25 0.3602 -0.984808 -0 -0.173648 0.173648 -0 -0.984808 0 -1 0
Index count: 216
0
1
2
2
3
0
4
5
6
6
7
4
8
9
10
10
11
8
12
13
14
14
15
12
16
17
18
18
19
16
20
21
22
22
23
20
24
25
14
14
13
24
26
27
28
28
29
26
30
31
32
32
33
30
34
35
36
36
37
34
38
39
40
40
41
38
42
43
44
44
45
42
46
47
48
48
49
46
50
51
32
32
31
50
52
53
54
54
55
52
56
57
58
58
59
56
60
61
62
62
63
60
64
65
66
66
67
64
68
69
58
58
57
68
70
71
72
72
73
70
74
75
76
76
77
74
78
79
62
62
61
78
80
81
72
72
71
80
82
83
84
84
85
82
86
87
88
88
89
86
90
91
92
92
93
90
94
95
96
96
97
94
98
99
100
100
101
98
102
103
104
104
105
102
106
107
88
88
87
106
108
109
110
110
111
108
112
113
114
114
115
112
116
117
118
118
119
116
120
121
104
104
103
120
122
123
114
114
113
122
124
125
126
126
127
124
Material name: ornament_leaves_pilar_bottom
Vertex Count: 72
54 75.1353 0 0.75 0.2923 0.984808 0 0.173648 -0.173648 0 0.984808 0 -1 0
50.7434 75.1353 18.4691 0.8048 0.2923 0.984808 0 0.173648 -0.173648 0 0.984808 0 -1 0
50.7434 -75.1353 18.4691 0.8048 0.8396 0.984808 0 0.173648 -0.173648 0 0.984808 0 -1 0
54 -75.1353 0 0.75 0.8396 0.984808 0 0.173648 -0.173648 -0 0.984808 0 -1 0
50.7434 75.1353 18.4691 0.8048 0.2923 0.866025 0 0.500002 -0.500002 0 0.866025 0 -1 0
41.3664 75.1353 34.7105 0.8599 0.2923 0.866025 0 0.500002 -0.500002 0 0.866025 0 -1 0
41.3664 -75.1353 34.7105 0.8599 0.8396 0.866025 0 0.500002 -0.500002 0 0.866025 0 -1 0
50.7434 -75.1353 18.4691 0.8048 0.8396 0.866025 0 0.500002 -0.500002 -0 0.866025 0 -1 0
50.7434 75.1353 -18.4691 0.6952 0.2923 0.984808 0 -0.173648 0.173648 0 0.984808 0 -1 0
54 75.1353 0 0.75 0.2923 0.984808 0 -0.173648 0.173648 0 0.984808 0 -1 0
54 -75.1353 0 0.75 0.8396 0.984808 0 -0.173648 0.173648 0 0.984808 0 -1 0
50.7434 -75.1353 -18.4691 0.6952 0.8396 0.984808 0 -0.173648 0.173648 -0 0.984808 0 -1 0
41.3664 75.1353 34.7105 0.8599 0.2923 0.642787 0 0.766045 -0.766045 0 0.642787 0 -1 0
27 75.1353 46.7653 0.9156 0.2923 0.642787 0 0.766045 -0.766045 0 0.642787 0 -1 0
27 -75.1353 46.7653 0.9156 0.8396 0.642787 0 0.766045 -0.766045 0 0.642787 0 -1 0
41.3664 -75.1353 34.7105 0.8599 0.8396 0.642787 0 0.766045 -0.766045 -0 0.642787 0 -1 0
41.3664 75.1353 -34.7106 0.6401 0.2923 0.866026 0 -0.499999 0.499999 0 0.866026 0 -1 0
50.7434 75.1353 -18.4691 0.6952 0.2923 0.866026 0 -0.499999 0.499999 0 0.866026 0 -1 0
50.7434 -75.1353 -18.4691 0.6952 0.8396 0.866026 0 -0.499999 0.499999 0 0.866026 0 -1 0
41.3664 -75.1353 -34.7106 0.6401 0.8396 0.866026 0 -0.499999 0.499999 -0 0.866026 0 -1 0
27 75.1353 46.7653 0.9156 0.2923 0.342023 0 0.939692 -0.939692 0 0.342023 0 -1 0
9.37701 75.1353 53.1796 0.9718 0.2923 0.342023 0 0.939692 -0.939692 0 0.342023 0 -1 0
9.37701 -75.1353 53.1796 0.9718 0.8396 0.342023 0 0.939692 -0.939692 0 0.342023 0 -1 0
27 -75.1353 46.7653 0.9156 0.8396 0.342023 0 0.939692 -0.939692 -0 0.342023 0 -1 0
27 75.1353 -46.7654 0.5844 0.2923 0.642787 0 -0.766045 0.766045 0 0.642787 0 -1 0
41.3664 75.1353 -34.7106 0.6401 0.2923 0.642787 0 -0.766045 0.766045 0 0.642787 0 -1 0
41.3664 -75.1353 -34.7106 0.6401 0.8396 0.642787 0 -0.766045 0.766045 0 0.642787 0 -1 0
27 -75.1353 -46.7654 0.5844 0.8396 0.642787 0 -0.766045 0.766045 -0 0.642787 0 -1 0
9.37701 75.1353 53.1796 0.9718 0.2923 0 0 1 -1 0 0 0 -1 0
-9.37695 75.1353 53.1796 1.0282 0.2923 0 0 1 -1 0 0 0 -1 0
-9.37695 -75.1353 53.1796 1.0282 0.8396 0 0 1 -1 0 0 0 -1 0
9.37701 -75.1353 53.1796 0.9718 0.8396 -0 0 1 -1 -0 -0 0 -1 0
9.37689 75.1353 -53.1796 0.5282 0.2923 0.342015 0 -0.939694 0.939694 0 0.342015 0 -1 0
27 75.1353 -46.7654 0.5844 0.2923 0.342015 0 -0.939694 0.939694 0 0.342015 0 -1 0
27 -75.1353 -46.7654 0.5844 0.8396 0.342015 0 -0.939694 0.939694 0 0.342015 0 -1 0
9.37689 -75.1353 -53.1796 0.5282 0.8396 0.342015 0 -0.939694 0.939694 -0 0.342015 0 -1 0
-9.37695 75.1353 53.1796 0.0282 0.2923 -0.342022 0 0.939692 -0.939692 0 -0.342022 0 -1 0
-27 75.1353 46.7653 0.0844 0.2923 -0.342022 0 0.939692 -0.939692 0 -0.342022 0 -1 0
-27 -75.1353 46.7653 0.0844 0.8396 -0.342022 0 0.939692 -0.939692 0 -0.342022 0 -1 0
-9.37695 -75.1353 53.1796 0.0282 0.8396 -0.342022 0 0.939692 -0.939692 -0 -0.342022 0 -1 0
-27 75.1353 46.7653 0.0844 0.2923 -0.642787 0 0.766045 -0.766045 0 -0.642787 0 -1 0
-41.3664 75.1353 34.7105 0.1401 0.2923 -0.642787 0 0.766045 -0.766045 0 -0.642787 0 -1 0
-41.3664 -75.1353 34.7105 0.1401 0.8396 -0.642787 0 0.766045 -0.766045 0 -0.642787 0 -1 0
-27 -75.1353 46.7653 0.0844 0.8396 -0.642787 0 0.766045 -0.766045 -0 -0.642787 0 -1 0
-41.3664 75.1353 34.7105 0.1401 0.2923 -0.866024 0 0.500002 -0.500002 0 -0.866024 0 -1 0
-50.7434 75.1353 18.4691 0.1952 0.2923 -0.866024 0 0.500002 -0.500002 0 -0.866024 0 -1 0
-50.7434 -75.1353 18.4691 0.1952 0.8396 -0.866024 0 0.500002 -0.500002 0 -0.866024 0 -1 0
-41.3664 -75.1353 34.7105 0.1401 0.8396 -0.866024 0 0.500002 -0.500002 -0 -0.866024 0 -1 0
-50.7434 75.1353 18.4691 0.1952 0.2923 -0.984808 0 0.173648 -0.173648 0 -0.984808 0 -1 0
-54 75.1353 0 0.25 0.2923 -0.984808 0 0.173648 -0.173648 0 -0.984808 0 -1 0
-54 -75.1353 0 0.25 0.8396 -0.984808 0 0.173648 -0.173648 0 -0.984808 0 -1 0
-50.7434 -75.1353 18.4691 0.1952 0.8396 -0.984808 0 0.173648 -0.173648 -0 -0.984808 0 -1 0
-54 75.1353 0 0.25 0.2923 -0.984808 -0 -0.173648 0.173648 0 -0.984808 0 -1 0
-50.7434 75.1353 -18.4691 0.3048 0.2923 -0.984808 -0 -0.173648 0.173648 0 -0.984808 0 -1 0
-50.7434 -75.1353 -18.4691 0.3048 0.8396 -0.984808 -0 -0.173648 0.173648 0 -0.984808 0 -1 0
-54 -75.1353 0 0.25 0.8396 -0.984808 -0 -0.173648 0.173648 -0 -0.984808 0 -1 0
-50.7434 75.1353 -18.4691 0.3048 0.2923 -0.866024 -0 -0.500002 0.500002 0 -0.866024 0 -1 0
-41.3664 75.1353 -34.7105 0.3599 0.2923 -0.866024 -0 -0.500002 0.500002 0 -0.866024 0 -1 0
-41.3664 -75.1353 -34.7105 0.3599 0.8396 -0.866024 -0 -0.500002 0.500002 0 -0.866024 0 -1 0
-50.7434 -75.1353 -18.4691 0.3048 0.8396 -0.866024 -0 -0.500002 0.500002 -0 -0.866024 0 -1 0
-41.3664 75.1353 -34.7105 0.3599 0.2923 -0.64279 -0 -0.766043 0.766043 0 -0.64279 0 -1 0
-27 75.1353 -46.7654 0.4156 0.2923 -0.64279 -0 -0.766043 0.766043 0 -0.64279 0 -1 0
-27 -75.1353 -46.7654 0.4156 0.8396 -0.64279 -0 -0.766043 0.766043 0 -0.64279 0 -1 0
-41.3664 -75.1353 -34.7105 0.3599 0.8396 -0.64279 -0 -0.766043 0.766043 -0 -0.64279 0 -1 0
-27 75.1353 -46.7654 0.4156 0.2923 -0.342016 -0 -0.939694 0.939694 0 -0.342016 0 -1 0
-9.37695 75.1353 -53.1796 0.4718 0.2923 -0.342016 -0 -0.939694 0.939694 0 -0.342016 0 -1 0
-9.37695 -75.1353 -53.1796 0.4718 0.8396 -0.342016 -0 -0.939694 0.939694 0 -0.342016 0 -1 0
-27 -75.1353 -46.7654 0.4156 0.8396 -0.342016 -0 -0.939694 0.939694 -0 -0.342016 0 -1 0
-9.37695 75.1353 -53.1796 0.4718 0.2923 0 0 -1 1 0 0 0 -1 0
9.37689 75.1353 -53.1796 0.5282 0.2923 0 0 -1 1 0 0 0 -1 0
9.37689 -75.1353 -53.1796 0.5282 0.8396 0 0 -1 1 0 0 0 -1 0
-9.37695 -75.1353 -53.1796 0.4718 0.8396 -0 -0 -1 1 -0 -0 0 -1 0
Index count: 108
0
1
2
2
3
0
4
5
6
6
7
4
8
9
10
10
11
8
12
13
14
14
15
12
16
17
18
18
19
16
20
21
22
22
23
20
24
25
26
26
27
24
28
29
30
30
31
28
32
33
34
34
35
32
36
37
38
38
39
36
40
41
42
42
43
40
44
45
46
46
47
44
48
49
50
50
51
48
52
53
54
54
55
52
56
57
58
58
59
56
60
61
62
62
63
60
64
65
66
66
67
64
68
69
70
70
71
68
Material name: ornament_pilar_top_
Vertex Count: 540
54.4772 -10.9059 6.10352e-005 0.5 0.5511 0.984793 -0.00546118 0.173647 -0.173649 0 0.984808 -0.00557969 -0.999984 0.000194342
51.1918 -10.9059 18.6324 0.5932 0.5511 0.984793 -0.00546118 0.173647 -0.173649 0 0.984808 -0.00557969 -0.999984 0.000194342
50.7434 -96.9581 18.4691 0.5923 0.9814 0.984793 -0.00546118 0.173647 -0.173649 0 0.984808 -0.00557969 -0.999984 0.000194342
50.7434 -96.9581 18.4691 0.5923 0.9814 0.984793 -0.00546153 0.173645 -0.173648 -0 0.984808 -0.00554578 -0.999985 0
54 -96.9581 6.10352e-005 0.5 0.9814 0.984793 -0.00546153 0.173645 -0.173648 -0 0.984808 -0.00554578 -0.999985 0
54.4772 -10.9059 6.10352e-005 0.5 0.5511 0.984793 -0.00546153 0.173645 -0.173648 -0 0.984808 -0.00554578 -0.999985 0
51.1918 -10.9059 18.6324 0.5932 0.5511 0.866011 -0.00546077 0.499996 -0.500003 0 0.866024 -0.00626111 -0.99998 -7.69435e-005
41.7319 -10.9059 35.0172 0.6751 0.5511 0.866011 -0.00546077 0.499996 -0.500003 0 0.866024 -0.00626111 -0.99998 -7.69435e-005
41.3664 -96.9581 34.7105 0.6736 0.9814 0.866011 -0.00546077 0.499996 -0.500003 0 0.866024 -0.00626111 -0.99998 -7.69435e-005
41.3664 -96.9581 34.7105 0.6736 0.9814 0.866012 -0.00546117 0.499994 -0.500002 -0 0.866024 -0.00641729 -0.999979 0.000192798
50.7434 -96.9581 18.4691 0.5923 0.9814 0.866012 -0.00546117 0.499994 -0.500002 -0 0.866024 -0.00641729 -0.999979 0.000192798
51.1918 -10.9059 18.6324 0.5932 0.5511 0.866012 -0.00546117 0.499994 -0.500002 -0 0.866024 -0.00641729 -0.999979 0.000192798
51.1918 -10.9059 -18.6322 0.4068 0.5511 0.984793 -0.00546153 -0.173647 0.173649 0 0.984808 -0.00554578 -0.999985 0
54.4772 -10.9059 6.10352e-005 0.5 0.5511 0.984793 -0.00546153 -0.173647 0.173649 0 0.984808 -0.00554578 -0.999985 0
54 -96.9581 6.10352e-005 0.5 0.9814 0.984793 -0.00546153 -0.173647 0.173649 0 0.984808 -0.00554578 -0.999985 0
54 -96.9581 6.10352e-005 0.5 0.9814 0.984793 -0.00546112 -0.173645 0.173648 -0 0.984808 -0.00558002 -0.999984 -0.000196522
50.7434 -96.9581 -18.4691 0.4077 0.9814 0.984793 -0.00546112 -0.173645 0.173648 -0 0.984808 -0.00558002 -0.999984 -0.000196522
51.1918 -10.9059 -18.6322 0.4068 0.5511 0.984793 -0.00546112 -0.173645 0.173648 -0 0.984808 -0.00558002 -0.999984 -0.000196522
41.7319 -10.9059 35.0172 0.2913 0.5511 0.642781 -0.00546178 0.766031 -0.766042 0 0.642791 1.44642e-005 -0.999974 -0.00714193
27.2386 -10.9059 47.1786 0.3638 0.5511 0.642781 -0.00546178 0.766031 -0.766042 0 0.642791 1.44642e-005 -0.999974 -0.00714193
27 -96.9581 46.7654 0.365 0.9814 0.642781 -0.00546178 0.766031 -0.766042 0 0.642791 1.44642e-005 -0.999974 -0.00714193
27 -96.9581 46.7654 0.365 0.9814 0.642777 -0.00546069 0.766034 -0.766045 -0 0.642787 0.000169976 -0.999974 -0.00727096
41.3664 -96.9581 34.7105 0.2932 0.9814 0.642777 -0.00546069 0.766034 -0.766045 -0 0.642787 0.000169976 -0.999974 -0.00727096
41.7319 -10.9059 35.0172 0.2913 0.5511 0.642777 -0.00546069 0.766034 -0.766045 -0 0.642787 0.000169976 -0.999974 -0.00727096
41.7319 -10.9059 -35.0172 0.3249 0.5511 0.866012 -0.00546097 -0.499993 0.5 0 0.866025 -0.006419 -0.999979 -0.000196139
51.1918 -10.9059 -18.6322 0.4068 0.5511 0.866012 -0.00546097 -0.499993 0.5 0 0.866025 -0.006419 -0.999979 -0.000196139
50.7434 -96.9581 -18.4691 0.4077 0.9814 0.866012 -0.00546097 -0.499993 0.5 0 0.866025 -0.006419 -0.999979 -0.000196139
50.7434 -96.9581 -18.4691 0.4077 0.9814 0.866013 -0.00546076 -0.499992 0.499999 -0 0.866026 -0.00625827 -0.99998 8.18222e-005
41.3664 -96.9581 -34.7105 0.3264 0.9814 0.866013 -0.00546076 -0.499992 0.499999 -0 0.866026 -0.00625827 -0.99998 8.18222e-005
41.7319 -10.9059 -35.0172 0.3249 0.5511 0.866013 -0.00546076 -0.499992 0.499999 -0 0.866026 -0.00625827 -0.99998 8.18222e-005
27.2386 -10.9059 47.1786 0.3638 0.5511 0.342012 -0.00546038 0.93968 -0.939694 0 0.342018 -3.28792e-005 -0.999983 -0.00579883
9.45984 -10.9059 53.6496 0.4527 0.5511 0.342012 -0.00546038 0.93968 -0.939694 0 0.342018 -3.28792e-005 -0.999983 -0.00579883
9.37701 -96.9581 53.1797 0.4531 0.9814 0.342012 -0.00546038 0.93968 -0.939694 0 0.342018 -3.28792e-005 -0.999983 -0.00579883
9.37701 -96.9581 53.1797 0.4531 0.9814 0.342018 -0.00546168 0.939678 -0.939692 -0 0.342023 1.6243e-005 -0.999983 -0.0058181
27 -96.9581 46.7654 0.365 0.9814 0.342018 -0.00546168 0.939678 -0.939692 -0 0.342023 1.6243e-005 -0.999983 -0.0058181
27.2386 -10.9059 47.1786 0.3638 0.5511 0.342018 -0.00546168 0.939678 -0.939692 -0 0.342023 1.6243e-005 -0.999983 -0.0058181
9.45984 -10.9059 53.6496 0.4527 0.5511 0 -0.00546049 0.999985 -1 0 0 3.42516e-005 -0.999985 -0.00546049
-9.4599 -10.9059 53.6496 0.5473 0.5511 0 -0.00546049 0.999985 -1 0 0 3.42516e-005 -0.999985 -0.00546049
-9.37695 -96.9581 53.1797 0.5469 0.9814 0 -0.00546049 0.999985 -1 0 0 3.42516e-005 -0.999985 -0.00546049
-9.37695 -96.9581 53.1797 0.5469 0.9814 0 -0.00546049 0.999985 -1 -0 -0 -3.31112e-005 -0.999985 -0.00546049
9.37701 -96.9581 53.1797 0.4531 0.9814 0 -0.00546049 0.999985 -1 -0 -0 -3.31112e-005 -0.999985 -0.00546049
9.45984 -10.9059 53.6496 0.4527 0.5511 0 -0.00546049 0.999985 -1 -0 -0 -3.31112e-005 -0.999985 -0.00546049
-9.4599 -10.9059 53.6496 0.5473 0.5511 -0.342015 -0.00546144 0.939679 -0.939693 0 -0.34202 -1.62682e-005 -0.999983 -0.00581786
-27.2386 -10.9059 47.1786 0.6362 0.5511 -0.342015 -0.00546144 0.939679 -0.939693 0 -0.34202 -1.62682e-005 -0.999983 -0.00581786
-27 -96.9581 46.7654 0.635 0.9814 -0.342015 -0.00546144 0.939679 -0.939693 0 -0.34202 -1.62682e-005 -0.999983 -0.00581786
-27 -96.9581 46.7654 0.635 0.9814 -0.342017 -0.00546086 0.939678 -0.939692 -0 -0.342022 3.40741e-005 -0.999983 -0.00579891
-9.37695 -96.9581 53.1797 0.5469 0.9814 -0.342017 -0.00546086 0.939678 -0.939692 -0 -0.342022 3.40741e-005 -0.999983 -0.00579891
-9.4599 -10.9059 53.6496 0.5473 0.5511 -0.342017 -0.00546086 0.939678 -0.939692 -0 -0.342022 3.40741e-005 -0.999983 -0.00579891
-27.2386 -10.9059 47.1786 0.6362 0.5511 -0.642778 -0.00546115 0.766033 -0.766045 0 -0.642787 -0.000165221 -0.999974 -0.00726758
-41.732 -10.9059 35.0172 0.7087 0.5511 -0.642778 -0.00546115 0.766033 -0.766045 0 -0.642787 -0.000165221 -0.999974 -0.00726758
-41.3664 -96.9581 34.7105 0.7068 0.9814 -0.642778 -0.00546115 0.766033 -0.766045 0 -0.642787 -0.000165221 -0.999974 -0.00726758
-41.3664 -96.9581 34.7105 0.7068 0.9814 -0.642777 -0.00546133 0.766034 -0.766045 -0 -0.642787 -1.77115e-005 -0.999974 -0.00714404
-27 -96.9581 46.7654 0.635 0.9814 -0.642777 -0.00546133 0.766034 -0.766045 -0 -0.642787 -1.77115e-005 -0.999974 -0.00714404
-27.2386 -10.9059 47.1786 0.6362 0.5511 -0.642777 -0.00546133 0.766034 -0.766045 -0 -0.642787 -1.77115e-005 -0.999974 -0.00714404
-41.732 -10.9059 35.0172 0.3249 0.5511 -0.866013 -0.00546055 0.499991 -0.499998 0 -0.866026 0.00641827 -0.999979 0.00019575
-51.1918 -10.9059 18.6324 0.4068 0.5511 -0.866013 -0.00546055 0.499991 -0.499998 0 -0.866026 0.00641827 -0.999979 0.00019575
-50.7434 -96.9581 18.4691 0.4077 0.9814 -0.866013 -0.00546055 0.499991 -0.499998 0 -0.866026 0.00641827 -0.999979 0.00019575
-50.7434 -96.9581 18.4691 0.4077 0.9814 -0.866012 -0.00546138 0.499994 -0.500002 -0 -0.866024 0.00625898 -0.99998 -8.18393e-005
-41.3664 -96.9581 34.7105 0.3264 0.9814 -0.866012 -0.00546138 0.499994 -0.500002 -0 -0.866024 0.00625898 -0.99998 -8.18393e-005
-41.732 -10.9059 35.0172 0.3249 0.5511 -0.866012 -0.00546138 0.499994 -0.500002 -0 -0.866024 0.00625898 -0.99998 -8.18393e-005
-51.1918 -10.9059 18.6324 0.4068 0.5511 -0.984793 -0.00546083 0.173647 -0.173649 0 -0.984808 0.00554507 -0.999985 0
-54.4772 -10.9059 6.10352e-005 0.5 0.5511 -0.984793 -0.00546083 0.173647 -0.173649 0 -0.984808 0.00554507 -0.999985 0
-54 -96.9581 6.10352e-005 0.5 0.9814 -0.984793 -0.00546083 0.173647 -0.173649 0 -0.984808 0.00554507 -0.999985 0
-54 -96.9581 6.10352e-005 0.5 0.9814 -0.984793 -0.00546049 0.173645 -0.173648 -0 -0.984808 0.00557931 -0.999984 0.000196162
-50.7434 -96.9581 18.4691 0.4077 0.9814 -0.984793 -0.00546049 0.173645 -0.173648 -0 -0.984808 0.00557931 -0.999984 0.000196162
-51.1918 -10.9059 18.6324 0.4068 0.5511 -0.984793 -0.00546049 0.173645 -0.173648 -0 -0.984808 0.00557931 -0.999984 0.000196162
-54.4772 -10.9059 6.10352e-005 0.5 0.5511 -0.984793 -0.00546042 -0.173647 0.173649 0 -0.984808 0.00557898 -0.999984 -0.000194699
-51.1918 -10.9059 -18.6322 0.5932 0.5511 -0.984793 -0.00546042 -0.173647 0.173649 0 -0.984808 0.00557898 -0.999984 -0.000194699
-50.7434 -96.9581 -18.4691 0.5923 0.9814 -0.984793 -0.00546042 -0.173647 0.173649 0 -0.984808 0.00557898 -0.999984 -0.000194699
-50.7434 -96.9581 -18.4691 0.5923 0.9814 -0.984793 -0.00546083 -0.173645 0.173648 -0 -0.984808 0.00554507 -0.999985 0
-54 -96.9581 6.10352e-005 0.5 0.9814 -0.984793 -0.00546083 -0.173645 0.173648 -0 -0.984808 0.00554507 -0.999985 0
-54.4772 -10.9059 6.10352e-005 0.5 0.5511 -0.984793 -0.00546083 -0.173645 0.173648 -0 -0.984808 0.00554507 -0.999985 0
-51.1918 -10.9059 -18.6322 0.5932 0.5511 -0.866015 -0.00546191 -0.499988 0.499996 0 -0.866028 0.00626179 -0.99998 7.79922e-005
-41.732 -10.9059 -35.0172 0.6751 0.5511 -0.866015 -0.00546191 -0.499988 0.499996 0 -0.866028 0.00626179 -0.99998 7.79922e-005
-41.3664 -96.9581 -34.7104 0.6736 0.9814 -0.866015 -0.00546191 -0.499988 0.499996 0 -0.866028 0.00626179 -0.99998 7.79922e-005
-41.3664 -96.9581 -34.7104 0.6736 0.9814 -0.866012 -0.00546037 -0.499994 0.500002 -0 -0.866024 0.00641658 -0.999979 -0.000193156
-50.7434 -96.9581 -18.4691 0.5923 0.9814 -0.866012 -0.00546037 -0.499994 0.500002 -0 -0.866024 0.00641658 -0.999979 -0.000193156
-51.1918 -10.9059 -18.6322 0.5932 0.5511 -0.866012 -0.00546037 -0.499994 0.500002 -0 -0.866024 0.00641658 -0.999979 -0.000193156
-41.732 -10.9059 -35.0172 0.2913 0.5511 -0.642775 -0.00546051 -0.766036 0.766047 0 -0.642785 -1.52094e-005 -0.999974 0.00714085
-27.2386 -10.9059 -47.1786 0.3638 0.5511 -0.642775 -0.00546051 -0.766036 0.766047 0 -0.642785 -1.52094e-005 -0.999974 0.00714085
-27 -96.9581 -46.7654 0.365 0.9814 -0.642775 -0.00546051 -0.766036 0.766047 0 -0.642785 -1.52094e-005 -0.999974 0.00714085
-27 -96.9581 -46.7654 0.365 0.9814 -0.64278 -0.00546196 -0.766031 0.766043 -0 -0.64279 -0.000169262 -0.999974 0.00727205
-41.3664 -96.9581 -34.7104 0.2932 0.9814 -0.64278 -0.00546196 -0.766031 0.766043 -0 -0.64279 -0.000169262 -0.999974 0.00727205
-41.732 -10.9059 -35.0172 0.2913 0.5511 -0.64278 -0.00546196 -0.766031 0.766043 -0 -0.64279 -0.000169262 -0.999974 0.00727205
-27.2386 -10.9059 -47.1786 0.3638 0.5511 -0.342018 -0.00546202 -0.939677 0.939692 0 -0.342023 3.42972e-005 -0.999983 0.00580007
-9.4599 -10.9059 -53.6495 0.4527 0.5511 -0.342018 -0.00546202 -0.939677 0.939692 0 -0.342023 3.42972e-005 -0.999983 0.00580007
-9.37695 -96.9581 -53.1795 0.4531 0.9814 -0.342018 -0.00546202 -0.939677 0.939692 0 -0.342023 3.42972e-005 -0.999983 0.00580007
-9.37695 -96.9581 -53.1795 0.4531 0.9814 -0.342011 -0.00546044 -0.93968 0.939694 -0 -0.342016 -1.69663e-005 -0.999983 0.00581703
-27 -96.9581 -46.7654 0.365 0.9814 -0.342011 -0.00546044 -0.93968 0.939694 -0 -0.342016 -1.69663e-005 -0.999983 0.00581703
-27.2386 -10.9059 -47.1786 0.3638 0.5511 -0.342011 -0.00546044 -0.93968 0.939694 -0 -0.342016 -1.69663e-005 -0.999983 0.00581703
-9.4599 -10.9059 -53.6495 0.4527 0.5511 0 -0.00546173 -0.999985 1 0 0 -3.42516e-005 -0.999985 0.00546173
9.45984 -10.9059 -53.6495 0.5473 0.5511 0 -0.00546173 -0.999985 1 0 0 -3.42516e-005 -0.999985 0.00546173
9.37689 -96.9581 -53.1795 0.5469 0.9814 0 -0.00546173 -0.999985 1 0 0 -3.42516e-005 -0.999985 0.00546173
9.37689 -96.9581 -53.1795 0.5469 0.9814 0 -0.00546174 -0.999985 1 -0 0 3.45437e-005 -0.999985 0.00546174
-9.37695 -96.9581 -53.1795 0.4531 0.9814 0 -0.00546174 -0.999985 1 -0 0 3.45437e-005 -0.999985 0.00546174
-9.4599 -10.9059 -53.6495 0.4527 0.5511 0 -0.00546174 -0.999985 1 -0 0 3.45437e-005 -0.999985 0.00546174
9.45984 -10.9059 -53.6495 0.5473 0.5511 0.342018 -0.0054602 -0.939678 0.939691 0 0.342023 1.6985e-005 -0.999983 0.0058168
27.2385 -10.9059 -47.1786 0.6362 0.5511 0.342018 -0.0054602 -0.939678 0.939691 0 0.342023 1.6985e-005 -0.999983 0.0058168
27 -96.9581 -46.7654 0.635 0.9814 0.342018 -0.0054602 -0.939678 0.939691 0 0.342023 1.6985e-005 -0.999983 0.0058168
27 -96.9581 -46.7654 0.635 0.9814 0.34201 -0.00546203 -0.93968 0.939694 -0 0.342015 -3.40584e-005 -0.999983 0.00580015
9.37689 -96.9581 -53.1795 0.5469 0.9814 0.34201 -0.00546203 -0.93968 0.939694 -0 0.342015 -3.40584e-005 -0.999983 0.00580015
9.45984 -10.9059 -53.6495 0.5473 0.5511 0.34201 -0.00546203 -0.93968 0.939694 -0 0.342015 -3.40584e-005 -0.999983 0.00580015
27.2385 -10.9059 -47.1786 0.6362 0.5511 0.642775 -0.00546069 -0.766036 0.766047 0 0.642785 0.000165928 -0.999974 0.00726755
41.7319 -10.9059 -35.0172 0.7087 0.5511 0.642775 -0.00546069 -0.766036 0.766047 0 0.642785 0.000165928 -0.999974 0.00726755
41.3664 -96.9581 -34.7105 0.7068 0.9814 0.642775 -0.00546069 -0.766036 0.766047 0 0.642785 0.000165928 -0.999974 0.00726755
41.3664 -96.9581 -34.7105 0.7068 0.9814 0.642777 -0.00546006 -0.766034 0.766045 -0 0.642787 1.84254e-005 -0.999974 0.00714298
27 -96.9581 -46.7654 0.635 0.9814 0.642777 -0.00546006 -0.766034 0.766045 -0 0.642787 1.84254e-005 -0.999974 0.00714298
27.2385 -10.9059 -47.1786 0.6362 0.5511 0.642777 -0.00546006 -0.766034 0.766045 -0 0.642787 1.84254e-005 -0.999974 0.00714298
55.0823 9.81927 20.0483 0.6002 0.4475 0.966286 -0.19303 0.170384 -0.173649 0 0.984808 -0.195762 -0.980651 -0.000784063
51.1918 -10.9059 18.6324 0.5932 0.5511 0.966286 -0.19303 0.170384 -0.173649 0 0.984808 -0.195762 -0.980651 -0.000784063
54.4772 -10.9059 6.10352e-005 0.5 0.5511 0.966286 -0.19303 0.170384 -0.173649 0 0.984808 -0.195762 -0.980651 -0.000784063
54.4772 -10.9059 6.10352e-005 0.5 0.5511 0.966288 -0.193026 0.170379 -0.173644 0 0.984808 -0.19589 -0.980626 0
58.6173 9.81927 6.10352e-005 0.5 0.4475 0.966288 -0.193026 0.170379 -0.173644 0 0.984808 -0.19589 -0.980626 0
55.0823 9.81927 20.0483 0.6002 0.4475 0.966288 -0.193026 0.170379 -0.173644 0 0.984808 -0.19589 -0.980626 0
44.9034 9.81927 37.6785 0.6884 0.4475 0.849737 -0.193028 0.4906 -0.500003 0 0.866024 -0.221507 -0.975159 -2.0152e-005
41.7319 -10.9059 35.0172 0.6751 0.5511 0.849737 -0.193028 0.4906 -0.500003 0 0.866024 -0.221507 -0.975159 -2.0152e-005
51.1918 -10.9059 18.6324 0.5932 0.5511 0.849737 -0.193028 0.4906 -0.500003 0 0.866024 -0.221507 -0.975159 -2.0152e-005
51.1918 -10.9059 18.6324 0.5932 0.5511 0.849735 -0.19303 0.490601 -0.500005 0 0.866023 -0.221087 -0.975254 -0.000789337
55.0823 9.81927 20.0483 0.6002 0.4475 0.849735 -0.19303 0.490601 -0.500005 0 0.866023 -0.221087 -0.975254 -0.000789337
44.9034 9.81927 37.6785 0.6884 0.4475 0.849735 -0.19303 0.490601 -0.500005 0 0.866023 -0.221087 -0.975254 -0.000789337
29.3086 9.81927 50.7642 0.3535 0.4475 0.630702 -0.193026 0.751635 -0.766042 0 0.642791 -0.000509629 -0.968674 -0.248336
27.2386 -10.9059 47.1786 0.3638 0.5511 0.630702 -0.193026 0.751635 -0.766042 0 0.642791 -0.000509629 -0.968674 -0.248336
41.7319 -10.9059 35.0172 0.2913 0.5511 0.630702 -0.193026 0.751635 -0.766042 0 0.642791 -0.000509629 -0.968674 -0.248336
41.7319 -10.9059 35.0172 0.2913 0.5511 0.6307 -0.193028 0.751636 -0.766043 0 0.642789 -0.000586708 -0.968689 -0.248277
44.9034 9.81927 37.6785 0.2755 0.4475 0.6307 -0.193028 0.751636 -0.766043 0 0.642789 -0.000586708 -0.968689 -0.248277
29.3086 9.81927 50.7642 0.3535 0.4475 0.6307 -0.193028 0.751636 -0.766043 0 0.642789 -0.000586708 -0.968689 -0.248277
10.1788 9.81927 57.7269 0.4491 0.4475 0.335585 -0.193032 0.92202 -0.939694 0 0.342018 4.52376e-005 -0.978776 -0.204931
9.45984 -10.9059 53.6496 0.4527 0.5511 0.335585 -0.193032 0.92202 -0.939694 0 0.342018 4.52376e-005 -0.978776 -0.204931
27.2386 -10.9059 47.1786 0.3638 0.5511 0.335585 -0.193032 0.92202 -0.939694 0 0.342018 4.52376e-005 -0.978776 -0.204931
27.2386 -10.9059 47.1786 0.3638 0.5511 0.335589 -0.193029 0.922019 -0.939692 0 0.342021 -0.000420242 -0.978811 -0.204765
29.3086 9.81927 50.7642 0.3535 0.4475 0.335589 -0.193029 0.922019 -0.939692 0 0.342021 -0.000420242 -0.978811 -0.204765
10.1788 9.81927 57.7269 0.4491 0.4475 0.335589 -0.193029 0.922019 -0.939692 0 0.342021 -0.000420242 -0.978811 -0.204765
-10.1788 9.81927 57.7269 0.5509 0.4475 0 -0.193031 0.981193 -1 0 0 -5.29247e-005 -0.981193 -0.193031
-9.4599 -10.9059 53.6496 0.5473 0.5511 0 -0.193031 0.981193 -1 0 0 -5.29247e-005 -0.981193 -0.193031
9.45984 -10.9059 53.6496 0.4527 0.5511 0 -0.193031 0.981193 -1 0 0 -5.29247e-005 -0.981193 -0.193031
9.45984 -10.9059 53.6496 0.4527 0.5511 0 -0.193031 0.981193 -1 0 0 4.36064e-005 -0.981193 -0.193031
10.1788 9.81927 57.7269 0.4491 0.4475 0 -0.193031 0.981193 -1 0 0 4.36064e-005 -0.981193 -0.193031
-10.1788 9.81927 57.7269 0.5509 0.4475 0 -0.193031 0.981193 -1 0 0 4.36064e-005 -0.981193 -0.193031
-29.3087 9.81927 50.7641 0.6465 0.4475 -0.335588 -0.193026 0.922021 -0.939693 0 -0.34202 0.000482283 -0.978816 -0.204741
-27.2386 -10.9059 47.1786 0.6362 0.5511 -0.335588 -0.193026 0.922021 -0.939693 0 -0.34202 0.000482283 -0.978816 -0.204741
-9.4599 -10.9059 53.6496 0.5473 0.5511 -0.335588 -0.193026 0.922021 -0.939693 0 -0.34202 0.000482283 -0.978816 -0.204741
-9.4599 -10.9059 53.6496 0.5473 0.5511 -0.335592 -0.19303 0.922018 -0.939691 0 -0.342024 -7.08548e-005 -0.978775 -0.204938
-10.1788 9.81927 57.7269 0.5509 0.4475 -0.335592 -0.19303 0.922018 -0.939691 0 -0.342024 -7.08548e-005 -0.978775 -0.204938
-29.3087 9.81927 50.7641 0.6465 0.4475 -0.335592 -0.19303 0.922018 -0.939691 0 -0.342024 -7.08548e-005 -0.978775 -0.204938
-44.9035 9.81927 37.6785 0.7245 0.4475 -0.630699 -0.193028 0.751638 -0.766045 0 -0.642787 0.00060437 -0.968693 -0.248262
-41.732 -10.9059 35.0172 0.7087 0.5511 -0.630699 -0.193028 0.751638 -0.766045 0 -0.642787 0.00060437 -0.968693 -0.248262
-27.2386 -10.9059 47.1786 0.6362 0.5511 -0.630699 -0.193028 0.751638 -0.766045 0 -0.642787 0.00060437 -0.968693 -0.248262
-27.2386 -10.9059 47.1786 0.6362 0.5511 -0.630698 -0.193026 0.751639 -0.766046 0 -0.642786 0.000501936 -0.968672 -0.248341
-29.3087 9.81927 50.7641 0.6465 0.4475 -0.630698 -0.193026 0.751639 -0.766046 0 -0.642786 0.000501936 -0.968672 -0.248341
-44.9035 9.81927 37.6785 0.7245 0.4475 -0.630698 -0.193026 0.751639 -0.766046 0 -0.642786 0.000501936 -0.968672 -0.248341
-55.0823 9.81927 20.0483 0.3998 0.4475 -0.849739 -0.19303 0.490595 -0.499998 0 -0.866026 0.221118 -0.975247 -0.000732546
-51.1918 -10.9059 18.6324 0.4068 0.5511 -0.849739 -0.19303 0.490595 -0.499998 0 -0.866026 0.221118 -0.975247 -0.000732546
-41.732 -10.9059 35.0172 0.3249 0.5511 -0.849739 -0.19303 0.490595 -0.499998 0 -0.866026 0.221118 -0.975247 -0.000732546
-41.732 -10.9059 35.0172 0.3249 0.5511 -0.849738 -0.193028 0.490597 -0.500001 0 -0.866025 0.221448 -0.975172 -0.000127651
-44.9035 9.81927 37.6785 0.3116 0.4475 -0.849738 -0.193028 0.490597 -0.500001 0 -0.866025 0.221448 -0.975172 -0.000127651
-55.0823 9.81927 20.0483 0.3998 0.4475 -0.849738 -0.193028 0.490597 -0.500001 0 -0.866025 0.221448 -0.975172 -0.000127651
-58.6172 9.81927 6.10352e-005 0.5 0.4475 -0.966287 -0.193026 0.170384 -0.173649 0 -0.984808 0.19589 -0.980626 0
-54.4772 -10.9059 6.10352e-005 0.5 0.5511 -0.966287 -0.193026 0.170384 -0.173649 0 -0.984808 0.19589 -0.980626 0
-51.1918 -10.9059 18.6324 0.4068 0.5511 -0.966287 -0.193026 0.170384 -0.173649 0 -0.984808 0.19589 -0.980626 0
-51.1918 -10.9059 18.6324 0.4068 0.5511 -0.966287 -0.19303 0.170379 -0.173644 0 -0.984808 0.195771 -0.980649 -0.000728999
-55.0823 9.81927 20.0483 0.3998 0.4475 -0.966287 -0.19303 0.170379 -0.173644 0 -0.984808 0.195771 -0.980649 -0.000728999
-58.6172 9.81927 6.10352e-005 0.5 0.4475 -0.966287 -0.19303 0.170379 -0.173644 0 -0.984808 0.195771 -0.980649 -0.000728999
-55.0823 9.81927 -20.0482 0.6002 0.4475 -0.966286 -0.193031 -0.170384 0.173649 0 -0.984808 0.195762 -0.980651 0.000785501
-51.1918 -10.9059 -18.6322 0.5932 0.5511 -0.966286 -0.193031 -0.170384 0.173649 0 -0.984808 0.195762 -0.980651 0.000785501
-54.4772 -10.9059 6.10352e-005 0.5 0.5511 -0.966286 -0.193031 -0.170384 0.173649 0 -0.984808 0.195762 -0.980651 0.000785501
-54.4772 -10.9059 6.10352e-005 0.5 0.5511 -0.966288 -0.193026 -0.170379 0.173644 0 -0.984808 0.19589 -0.980626 -0
-58.6172 9.81927 6.10352e-005 0.5 0.4475 -0.966288 -0.193026 -0.170379 0.173644 0 -0.984808 0.19589 -0.980626 -0
-55.0823 9.81927 -20.0482 0.6002 0.4475 -0.966288 -0.193026 -0.170379 0.173644 0 -0.984808 0.19589 -0.980626 -0
-44.9035 9.81927 -37.6784 0.6884 0.4475 -0.849741 -0.193027 -0.490592 0.499996 0 -0.866028 0.221506 -0.975159 1.77893e-005
-41.732 -10.9059 -35.0172 0.6751 0.5511 -0.849741 -0.193027 -0.490592 0.499996 0 -0.866028 0.221506 -0.975159 1.77893e-005
-51.1918 -10.9059 -18.6322 0.5932 0.5511 -0.849741 -0.193027 -0.490592 0.499996 0 -0.866028 0.221506 -0.975159 1.77893e-005
-51.1918 -10.9059 -18.6322 0.5932 0.5511 -0.849738 -0.193031 -0.490596 0.499999 0 -0.866026 0.221087 -0.975254 0.000790546
-55.0823 9.81927 -20.0482 0.6002 0.4475 -0.849738 -0.193031 -0.490596 0.499999 0 -0.866026 0.221087 -0.975254 0.000790546
-44.9035 9.81927 -37.6784 0.6884 0.4475 -0.849738 -0.193031 -0.490596 0.499999 0 -0.866026 0.221087 -0.975254 0.000790546
-29.3087 9.81927 -50.764 0.3535 0.4475 -0.630696 -0.193029 -0.75164 0.766047 0 -0.642785 0.000514519 -0.968674 0.248334
-27.2386 -10.9059 -47.1786 0.3638 0.5511 -0.630696 -0.193029 -0.75164 0.766047 0 -0.642785 0.000514519 -0.968674 0.248334
-41.732 -10.9059 -35.0172 0.2913 0.5511 -0.630696 -0.193029 -0.75164 0.766047 0 -0.642785 0.000514519 -0.968674 0.248334
-41.732 -10.9059 -35.0172 0.2913 0.5511 -0.630698 -0.193027 -0.751639 0.766045 0 -0.642787 0.000586709 -0.968689 0.248275
-44.9035 9.81927 -37.6784 0.2755 0.4475 -0.630698 -0.193027 -0.751639 0.766045 0 -0.642787 0.000586709 -0.968689 0.248275
-29.3087 9.81927 -50.764 0.3535 0.4475 -0.630698 -0.193027 -0.751639 0.766045 0 -0.642787 0.000586709 -0.968689 0.248275
-10.1789 9.81927 -57.7267 0.4491 0.4475 -0.335591 -0.193028 -0.922019 0.939692 0 -0.342023 -4.50042e-005 -0.978777 0.204927
-9.4599 -10.9059 -53.6495 0.4527 0.5511 -0.335591 -0.193028 -0.922019 0.939692 0 -0.342023 -4.50042e-005 -0.978777 0.204927
-27.2386 -10.9059 -47.1786 0.3638 0.5511 -0.335591 -0.193028 -0.922019 0.939692 0 -0.342023 -4.50042e-005 -0.978777 0.204927
-27.2386 -10.9059 -47.1786 0.3638 0.5511 -0.33559 -0.193029 -0.922019 0.939692 0 -0.342022 0.000425999 -0.978811 0.204764
