bounding box: -8.2026 -11.8118 -8.2026 8.2026 11.8118 8.2026
Material name: altar_rock.mat
Vertex Count: 17
8.2026 -11.8118 -8.2026 1 1 0 0.328 -0.9447 1 -0 -0 0 -0.944674 -0.328012
-8.2026 -11.8118 -8.2026 0 1 0 0.328 -0.9447 1 -0 -0 0 -0.944674 -0.328012
0 11.8118 0 0.5 0 0 0.328 -0.9447 1 -0 -0 0 -0.944674 -0.328012
8.2026 -11.8118 8.2026 1 1 0.9447 0.328 0 0 -0 1 0.328011 -0.944674 0
8.2026 -11.8118 -8.2026 0 1 0.9447 0.328 0 0 -0 1 0.328011 -0.944674 0
0 11.8118 0 0.5 0 0.9447 0.328 0 0 -0 1 0.328011 -0.944674 0
-8.2026 -11.8118 8.2026 1 1 0 0.328 0.9447 -1 -0 0 0 -0.944674 0.328012
8.2026 -11.8118 8.2026 0 1 0 0.328 0.9447 -1 -0 0 0 -0.944674 0.328012
0 11.8118 0 0.5 0 0 0.328 0.9447 -1 -0 0 0 -0.944674 0.328012
-8.2026 -11.8118 -8.2026 1 1 -0.9447 0.328 0 -0 -0 -1 -0.328011 -0.944674 0
-8.2026 -11.8118 8.2026 0 1 -0.9447 0.328 0 -0 -0 -1 -0.328011 -0.944674 0
0 11.8118 0 0.5 0 -0.9447 0.328 0 -0 -0 -1 -0.328011 -0.944674 0
8.2026 -11.8118 -8.2026 1 0 0 -1 0 1 0 0 0 0 1
0 -11.8118 0 0.5 0.5 0 -1 0 1 0 0 0 0 1
-8.2026 -11.8118 -8.2026 0 0 0 -1 0 1 0 0 0 0 1
8.2026 -11.8118 8.2026 1 1 0 -1 0 1 0 0 0 -0 1
-8.2026 -11.8118 8.2026 0 1 0 -1 0 1 0 0 0 0 1
Index count: 24
0
1
2
3
4
5
6
7
8
9
10
11
12
13
14
15
13
12
16
13
15
14
13
16
