bounding box: -45.956 -127.157 -45.956 45.9561 127.157 45.956
Material name: altar_rock.mat
Vertex Count: 852
40 -127.157 40.0001 0.0648 0.0648 0 -1 0 -1 0 0 0 0 -1
-40 -127.157 40.0001 0.9352 0.0648 0 -1 0 -1 0 0 0 0 -1
-40 -127.157 -39.9999 0.9352 0.9352 0 -1 0 -1 0 0 0 0 -1
40 -127.157 -39.9999 0.0648 0.9352 0 -1 0 -1 -0 -0 0 0 -1
2.6972 127.157 2.69725 0.5293 0.4707 0 1 0 1 0 0 0 0 -1
2.6972 127.157 -2.69715 0.5293 0.5293 0 1 0 1 0 0 0 0 -1
-2.69724 127.157 -2.69715 0.4707 0.5293 0 1 0 1 0 0 0 0 -1
-2.69724 127.157 2.69725 0.4707 0.4707 0 1 0 1 0 0 0 0 -1
40 -102.913 -39.9999 0.9352 1.6182 0 0.3792 -0.9253 1 0 0 0 -1 0
40 -127.157 -39.9999 0.9352 1.8816 0 0 -1 1 0 0 0 -1 0
-40 -127.157 -39.9999 0.0648 1.8816 0 0 -1 1 0 0 0 -1 0
-40 -102.913 -39.9999 0.0648 1.6182 0 0.3792 -0.9253 1 0 0 0 -1 0
32.0812 -99.8481 -32.0812 0.849 0.849 0 0.6695 -0.7429 1 0 0 -0.000468012 -0.360959 -0.932581
40 -102.913 -39.9999 0.9352 0.9352 0 0.3792 -0.9253 1 0 0 -0.000468012 -0.360959 -0.932581
-40 -102.913 -39.9999 0.0648 0.9352 0 0.3792 -0.9253 1 0 0 -0.000468012 -0.360959 -0.932581
-40 -102.913 -39.9999 0.0648 0.9352 0 0.3792 -0.9253 1 0 0 0.000571458 -0.360959 -0.932581
-32.0811 -99.8481 -32.0812 0.151 0.849 0 0.6695 -0.7429 1 0 0 0.000571458 -0.360959 -0.932581
32.0812 -99.8481 -32.0812 0.849 0.849 0 0.6695 -0.7429 1 0 0 0.000571458 -0.360959 -0.932581
32.0284 -77.6195 -32.0283 0.8485 1.3434 0 -0.2746 -0.9616 1 0 0 0.000307585 -0.999997 -0.00237579
32.0812 -99.8481 -32.0812 0.849 1.5849 0 0.6695 -0.7429 1 0 0 0.000307585 -0.999997 -0.00237579
-32.0811 -99.8481 -32.0812 0.151 1.5849 0 0.6695 -0.7429 1 0 0 0.000307585 -0.999997 -0.00237579
-32.0811 -99.8481 -32.0812 0.151 1.5849 0 0.6695 -0.7429 1 0 0 -0.00030372 -0.999997 -0.00237579
-32.0284 -77.6195 -32.0283 0.1515 1.3434 0 -0.2746 -0.9616 1 0 0 -0.00030372 -0.999997 -0.00237579
32.0284 -77.6195 -32.0283 0.8485 1.3434 0 -0.2746 -0.9616 1 0 0 -0.00030372 -0.999997 -0.00237579
34.2634 -73.4899 -34.2633 0.8728 1.2985 0 -0.5884 -0.8086 1 0 0 -0.000368535 -0.879458 0.475976
32.0284 -77.6195 -32.0283 0.8485 1.3434 0 -0.2746 -0.9616 1 0 0 -0.000368535 -0.879458 0.475976
-32.0284 -77.6195 -32.0283 0.1515 1.3434 0 -0.2746 -0.9616 1 0 0 -0.000368535 -0.879458 0.475976
-32.0284 -77.6195 -32.0283 0.1515 1.3434 0 -0.2746 -0.9616 1 0 0 0.0003502 -0.879458 0.475976
-34.2634 -73.4899 -34.2633 0.1272 1.2985 0 -0.5884 -0.8086 1 0 0 0.0003502 -0.879458 0.475976
34.2634 -73.4899 -34.2633 0.8728 1.2985 0 -0.5884 -0.8086 1 0 0 0.0003502 -0.879458 0.475976
45.9561 -59.5754 -45.956 1 1.1473 0 -0.6433 -0.7656 1 0 0 -0.000107674 -0.765582 0.643338
34.2634 -73.4899 -34.2633 0.8728 1.2985 0 -0.5884 -0.8086 1 0 0 -0.000107674 -0.765582 0.643338
-34.2634 -73.4899 -34.2633 0.1272 1.2985 0 -0.5884 -0.8086 1 0 0 -0.000107674 -0.765582 0.643338
-34.2634 -73.4899 -34.2633 0.1272 1.2985 0 -0.5884 -0.8086 1 0 0 7.59789e-005 -0.765582 0.643338
-45.956 -59.5754 -45.956 0 1.1473 0 -0.6433 -0.7656 1 0 0 7.59789e-005 -0.765582 0.643338
45.9561 -59.5754 -45.956 1 1.1473 0 -0.6433 -0.7656 1 0 0 7.59789e-005 -0.765582 0.643338
40 -102.913 40.0001 0.9352 1.6182 0.9253 0.3792 0 0 0 1 0 -1 0
40 -127.157 40.0001 0.9352 1.8816 1 0 0 0 0 1 0 -1 0
40 -127.157 -39.9999 0.0648 1.8816 1 0 0 0 0 1 0 -1 0
40 -102.913 -39.9999 0.0648 1.6182 0.9253 0.3792 0 0 0 1 0 -1 0
32.0812 -99.8481 32.0812 0.849 0.151 0.7429 0.6695 0 0.932582 -0.360958 -0.000458719 0 0 -1
40 -102.913 40.0001 0.9352 0.0648 0.9253 0.3792 0 0.932582 -0.360958 -0.000458719 0 0 -1
40 -102.913 -39.9999 0.9352 0.9352 0.9253 0.3792 0 0.932582 -0.360958 -0.000458719 0 0 -1
40 -102.913 -39.9999 0.9352 0.9352 0.9253 0.3792 0 0.932582 -0.360958 0.000586098 0 0 -1
32.0812 -99.8481 -32.0812 0.849 0.849 0.7429 0.6695 0 0.932582 -0.360958 0.000586098 0 0 -1
32.0812 -99.8481 32.0812 0.849 0.151 0.7429 0.6695 0 0.932582 -0.360958 0.000586098 0 0 -1
32.0284 -77.6195 32.0285 0.8485 1.3434 0.9616 -0.2746 0 0 0 1 0.00237511 -0.999997 0.000303466
32.0812 -99.8481 32.0812 0.849 1.5849 0.7429 0.6695 0 0 0 1 0.00237511 -0.999997 0.000303466
32.0812 -99.8481 -32.0812 0.151 1.5849 0.7429 0.6695 0 0 0 1 0.00237511 -0.999997 0.000303466
32.0812 -99.8481 -32.0812 0.151 1.5849 0.7429 0.6695 0 0 0 1 0.0023751 -0.999997 -0.000308525
32.0284 -77.6195 -32.0283 0.1515 1.3434 0.9616 -0.2746 0 0 0 1 0.0023751 -0.999997 -0.000308525
32.0284 -77.6195 32.0285 0.8485 1.3434 0.9616 -0.2746 0 0 0 1 0.0023751 -0.999997 -0.000308525
34.2634 -73.4899 34.2635 0.8728 1.2985 0.8086 -0.5884 0 0 0 1 -0.475973 -0.87946 -0.000371778
32.0284 -77.6195 32.0285 0.8485 1.3434 0.9616 -0.2746 0 0 0 1 -0.475973 -0.87946 -0.000371778
32.0284 -77.6195 -32.0283 0.1515 1.3434 0.9616 -0.2746 0 0 0 1 -0.475973 -0.87946 -0.000371778
32.0284 -77.6195 -32.0283 0.1515 1.3434 0.9616 -0.2746 0 0 0 1 -0.475973 -0.87946 0.000346965
34.2634 -73.4899 -34.2633 0.1272 1.2985 0.8086 -0.5884 0 0 0 1 -0.475973 -0.87946 0.000346965
34.2634 -73.4899 34.2635 0.8728 1.2985 0.8086 -0.5884 0 0 0 1 -0.475973 -0.87946 0.000346965
45.9561 -59.5754 45.956 1 1.1473 0.7656 -0.6433 0 0 0 1 -0.643338 -0.765583 -0.000102677
34.2634 -73.4899 34.2635 0.8728 1.2985 0.8086 -0.5884 0 0 0 1 -0.643338 -0.765583 -0.000102677
34.2634 -73.4899 -34.2633 0.1272 1.2985 0.8086 -0.5884 0 0 0 1 -0.643338 -0.765583 -0.000102677
34.2634 -73.4899 -34.2633 0.1272 1.2985 0.8086 -0.5884 0 0 0 1 -0.643337 -0.765583 8.16983e-005
45.9561 -59.5754 -45.956 0 1.1473 0.7656 -0.6433 0 0 0 1 -0.643337 -0.765583 8.16983e-005
45.9561 -59.5754 45.956 1 1.1473 0.7656 -0.6433 0 0 0 1 -0.643337 -0.765583 8.16983e-005
-40 -102.913 40.0001 0.9352 1.6182 0 0.3792 0.9253 -1 0 0 0 -1 0
-40 -127.157 40.0001 0.9352 1.8816 0 0 1 -1 0 0 0 -1 0
40 -127.157 40.0001 0.0648 1.8816 0 0 1 -1 0 0 0 -1 0
40 -102.913 40.0001 0.0648 1.6182 0 0.3792 0.9253 -1 0 0 -0 -1 0
-32.0811 -99.8481 32.0812 0.151 0.151 0 0.6695 0.7429 1 0 0 -0.000457232 0.360955 -0.932583
-40 -102.913 40.0001 0.0648 0.0648 0 0.3792 0.9253 1 0 0 -0.000457232 0.360955 -0.932583
40 -102.913 40.0001 0.9352 0.0648 0 0.3792 0.9253 1 0 0 -0.000457232 0.360955 -0.932583
40 -102.913 40.0001 0.9352 0.0648 0 0.3792 0.9253 1 0 0 0.000582312 0.360955 -0.932583
32.0812 -99.8481 32.0812 0.849 0.151 0 0.6695 0.7429 1 0 0 0.000582312 0.360955 -0.932583
-32.0811 -99.8481 32.0812 0.151 0.151 0 0.6695 0.7429 1 0 0 0.000582312 0.360955 -0.932583
-32.0284 -77.6195 32.0285 0.8485 1.3434 0 -0.2746 0.9616 -1 0 0 -0.000303467 -0.999997 0.00237099
-32.0811 -99.8481 32.0812 0.849 1.5849 0 0.6695 0.7429 -1 0 0 -0.000303467 -0.999997 0.00237099
32.0812 -99.8481 32.0812 0.151 1.5849 0 0.6695 0.7429 -1 0 0 -0.000303467 -0.999997 0.00237099
32.0812 -99.8481 32.0812 0.151 1.5849 0 0.6695 0.7429 -1 0 0 0.000307839 -0.999997 0.00237099
32.0284 -77.6195 32.0285 0.1515 1.3434 0 -0.2746 0.9616 -1 0 0 0.000307839 -0.999997 0.00237099
-32.0284 -77.6195 32.0285 0.8485 1.3434 0 -0.2746 0.9616 -1 0 0 0.000307839 -0.999997 0.00237099
-34.2634 -73.4899 34.2635 0.8728 1.2985 0 -0.5884 0.8086 -1 0 0 0.000375019 -0.879458 -0.475976
-32.0284 -77.6195 32.0285 0.8485 1.3434 0 -0.2746 0.9616 -1 0 0 0.000375019 -0.879458 -0.475976
32.0284 -77.6195 32.0285 0.1515 1.3434 0 -0.2746 0.9616 -1 0 0 0.000375019 -0.879458 -0.475976
32.0284 -77.6195 32.0285 0.1515 1.3434 0 -0.2746 0.9616 -1 0 0 -0.00034373 -0.879458 -0.475976
34.2634 -73.4899 34.2635 0.1272 1.2985 0 -0.5884 0.8086 -1 0 0 -0.00034373 -0.879458 -0.475976
-34.2634 -73.4899 34.2635 0.8728 1.2985 0 -0.5884 0.8086 -1 0 0 -0.00034373 -0.879458 -0.475976
-45.956 -59.5754 45.956 1 1.1473 0 -0.6433 0.7656 -1 0 0 0.000102678 -0.765585 -0.643335
-34.2634 -73.4899 34.2635 0.8728 1.2985 0 -0.5884 0.8086 -1 0 0 0.000102678 -0.765585 -0.643335
34.2634 -73.4899 34.2635 0.1272 1.2985 0 -0.5884 0.8086 -1 0 0 0.000102678 -0.765585 -0.643335
34.2634 -73.4899 34.2635 0.1272 1.2985 0 -0.5884 0.8086 -1 0 0 -8.0964e-005 -0.765585 -0.643335
45.9561 -59.5754 45.956 0 1.1473 0 -0.6433 0.7656 -1 0 0 -8.0964e-005 -0.765585 -0.643335
-45.956 -59.5754 45.956 1 1.1473 0 -0.6433 0.7656 -1 0 0 -8.0964e-005 -0.765585 -0.643335
-40 -102.913 -39.9999 0.9352 1.6182 -0.9253 0.3792 0 0 0 -1 0 -1 0
-40 -127.157 -39.9999 0.9352 1.8816 -1 0 0 0 0 -1 0 -1 0
-40 -127.157 40.0001 0.0648 1.8816 -1 0 0 0 0 -1 0 -1 0
-40 -102.913 40.0001 0.0648 1.6182 -0.9253 0.3792 0 0 0 -1 0 -1 -0
-32.0811 -99.8481 -32.0812 0.151 0.849 -0.7429 0.6695 0 0.932583 0.360955 -0.000471231 0 0 -1
-40 -102.913 -39.9999 0.0648 0.9352 -0.9253 0.3792 0 0.932583 0.360955 -0.000471231 0 0 -1
-40 -102.913 40.0001 0.0648 0.0648 -0.9253 0.3792 0 0.932583 0.360955 -0.000471231 0 0 -1
-40 -102.913 40.0001 0.0648 0.0648 -0.9253 0.3792 0 0.932583 0.360955 0.000573542 0 0 -1
-32.0811 -99.8481 32.0812 0.151 0.151 -0.7429 0.6695 0 0.932583 0.360955 0.000573542 0 0 -1
-32.0811 -99.8481 -32.0812 0.151 0.849 -0.7429 0.6695 0 0.932583 0.360955 0.000573542 0 0 -1
-32.0284 -77.6195 -32.0283 0.8485 1.3434 -0.9616 -0.2746 0 0 0 -1 -0.00237099 -0.999997 -0.000308271
-32.0811 -99.8481 -32.0812 0.849 1.5849 -0.7429 0.6695 0 0 0 -1 -0.00237099 -0.999997 -0.000308271
-32.0811 -99.8481 32.0812 0.151 1.5849 -0.7429 0.6695 0 0 0 -1 -0.00237099 -0.999997 -0.000308271
-32.0811 -99.8481 32.0812 0.151 1.5849 -0.7429 0.6695 0 0 0 -1 -0.00237099 -0.999997 0.00030372
-32.0284 -77.6195 32.0285 0.1515 1.3434 -0.9616 -0.2746 0 0 0 -1 -0.00237099 -0.999997 0.00030372
-32.0284 -77.6195 -32.0283 0.8485 1.3434 -0.9616 -0.2746 0 0 0 -1 -0.00237099 -0.999997 0.00030372
-34.2634 -73.4899 -34.2633 0.8728 1.2985 -0.8086 -0.5884 0 0 0 -1 0.475978 -0.879457 0.000371776
-32.0284 -77.6195 -32.0283 0.8485 1.3434 -0.9616 -0.2746 0 0 0 -1 0.475978 -0.879457 0.000371776
-32.0284 -77.6195 32.0285 0.1515 1.3434 -0.9616 -0.2746 0 0 0 -1 0.475978 -0.879457 0.000371776
-32.0284 -77.6195 32.0285 0.1515 1.3434 -0.9616 -0.2746 0 0 0 -1 0.475978 -0.879457 -0.000346964
-34.2634 -73.4899 34.2635 0.1272 1.2985 -0.8086 -0.5884 0 0 0 -1 0.475978 -0.879457 -0.000346964
-34.2634 -73.4899 -34.2633 0.8728 1.2985 -0.8086 -0.5884 0 0 0 -1 0.475978 -0.879457 -0.000346964
-45.956 -59.5754 -45.956 1 1.1473 -0.7656 -0.6433 0 0 0 -1 0.643335 -0.765585 0.000108519
-34.2634 -73.4899 -34.2633 0.8728 1.2985 -0.8086 -0.5884 0 0 0 -1 0.643335 -0.765585 0.000108519
-34.2634 -73.4899 34.2635 0.1272 1.2985 -0.8086 -0.5884 0 0 0 -1 0.643335 -0.765585 0.000108519
-34.2634 -73.4899 34.2635 0.1272 1.2985 -0.8086 -0.5884 0 0 0 -1 0.643335 -0.765585 -7.58742e-005
-45.956 -59.5754 45.956 0 1.1473 -0.7656 -0.6433 0 0 0 -1 0.643335 -0.765585 -7.58742e-005
-45.956 -59.5754 -45.956 1 1.1473 -0.7656 -0.6433 0 0 0 -1 0.643335 -0.765585 -7.58742e-005
-2.69724 127.157 -2.69715 0.4707 0.5293 0 0.9848 -0.1739 1 0 0 -0.00252503 -0.173871 -0.984765
2.6972 127.157 -2.69715 0.5293 0.5293 0 0.9848 -0.1739 1 0 0 -0.00252503 -0.173871 -0.984765
6.51691 126.483 -6.51685 0.5709 0.5709 0 0.9848 -0.1739 1 0 0 -0.00252503 -0.173871 -0.984765
6.51691 126.483 -6.51685 0.5709 0.5709 0 0.9848 -0.1739 1 -0 -0 0.00104902 -0.173871 -0.984768
-6.51691 126.483 -6.51685 0.4291 0.5709 0 0.9848 -0.1739 1 -0 -0 0.00104902 -0.173871 -0.984768
-2.69724 127.157 -2.69715 0.4707 0.5293 0 0.9848 -0.1739 1 -0 -0 0.00104902 -0.173871 -0.984768
2.6972 127.157 -2.69715 0.5293 0.5293 0.1739 0.9848 0 0.984765 -0.173871 -0.00251848 0 -0 -1
2.6972 127.157 2.69725 0.5293 0.4707 0.1739 0.9848 0 0.984765 -0.173871 -0.00251848 0 -0 -1
6.51691 126.483 6.51695 0.5709 0.4291 0.1739 0.9848 0 0.984765 -0.173871 -0.00251848 0 -0 -1
6.51691 126.483 6.51695 0.5709 0.4291 0.1739 0.9848 0 0.984768 -0.173871 0.00104078 0 0 -1
6.51691 126.483 -6.51685 0.5709 0.5709 0.1739 0.9848 0 0.984768 -0.173871 0.00104078 0 0 -1
2.6972 127.157 -2.69715 0.5293 0.5293 0.1739 0.9848 0 0.984768 -0.173871 0.00104078 0 0 -1
2.6972 127.157 2.69725 0.5293 0.4707 0 0.9848 0.1739 1 0 -0 -0.0025329 0.173871 -0.984765
-2.69724 127.157 2.69725 0.4707 0.4707 0 0.9848 0.1739 1 0 -0 -0.0025329 0.173871 -0.984765
-6.51691 126.483 6.51695 0.4291 0.4291 0 0.9848 0.1739 1 0 -0 -0.0025329 0.173871 -0.984765
-6.51691 126.483 6.51695 0.4291 0.4291 0 0.9848 0.1739 1 0 0 0.00104122 0.173871 -0.984768
6.51691 126.483 6.51695 0.5709 0.4291 0 0.9848 0.1739 1 0 0 0.00104122 0.173871 -0.984768
2.6972 127.157 2.69725 0.5293 0.4707 0 0.9848 0.1739 1 0 0 0.00104122 0.173871 -0.984768
-2.69724 127.157 2.69725 0.4707 0.4707 -0.1739 0.9848 0 0.984765 0.173872 -0.0025185 0 0 -1
-2.69724 127.157 -2.69715 0.4707 0.5293 -0.1739 0.9848 0 0.984765 0.173872 -0.0025185 0 0 -1
-6.51691 126.483 -6.51685 0.4291 0.5709 -0.1739 0.9848 0 0.984765 0.173872 -0.0025185 0 0 -1
-6.51691 126.483 -6.51685 0.4291 0.5709 -0.1739 0.9848 0 0.984768 0.173872 0.00104079 0 0 -1
-6.51691 126.483 6.51695 0.4291 0.4291 -0.1739 0.9848 0 0.984768 0.173872 0.00104079 0 0 -1
-2.69724 127.157 2.69725 0.4707 0.4707 -0.1739 0.9848 0 0.984768 0.173872 0.00104079 0 0 -1
-6.51691 126.483 -6.51685 0.4291 0.5709 0 0.8489 -0.5285 1 0 0 -0.00111829 -0.528531 -0.848913
6.51691 126.483 -6.51685 0.5709 0.5709 0 0.8489 -0.5285 1 0 0 -0.00111829 -0.528531 -0.848913
9.76648 124.459 -9.76646 0.6063 0.6063 0 0.8489 -0.5285 1 0 0 -0.00111829 -0.528531 -0.848913
9.76648 124.459 -9.76646 0.6063 0.6063 0 0.8489 -0.5285 1 -0 -0 0.000759941 -0.528531 -0.848914
-9.76642 124.459 -9.76646 0.3937 0.6063 0 0.8489 -0.5285 1 -0 -0 0.000759941 -0.528531 -0.848914
-6.51691 126.483 -6.51685 0.4291 0.5709 0 0.8489 -0.5285 1 -0 -0 0.000759941 -0.528531 -0.848914
-5.19183 116.841 -8.84415 0.5565 -0.7695 0 -0.1485 0.9889 -1 -0 -0 -0.0297686 -0.988447 -0.148618
5.19177 116.841 -8.84415 0.4435 -0.7695 0 -0.1485 0.9889 -1 -0 -0 -0.0297686 -0.988447 -0.148618
5.12195 116.963 -8.82575 0.4443 -0.7708 0 -0.1485 0.9889 -1 -0 -0 -0.0297686 -0.988447 -0.148618
5.12195 116.963 -8.82575 0.4443 -0.7708 0 -0.1485 0.9889 -1 0 0 0.0294791 -0.988455 -0.148619
-5.12192 116.963 -8.82575 0.5557 -0.7708 0 -0.1485 0.9889 -1 0 0 0.0294791 -0.988455 -0.148619
-5.19183 116.841 -8.84415 0.5565 -0.7695 0 -0.1485 0.9889 -1 0 0 0.0294791 -0.988455 -0.148619
6.51691 126.483 -6.51685 0.5709 0.5709 0.5285 0.8489 0 0.848911 -0.528534 -0.00111215 0 -0 -1
6.51691 126.483 6.51695 0.5709 0.4291 0.5285 0.8489 0 0.848911 -0.528534 -0.00111215 0 -0 -1
9.76648 124.459 9.76655 0.6063 0.3937 0.5285 0.8489 0 0.848911 -0.528534 -0.00111215 0 -0 -1
9.76648 124.459 9.76655 0.6063 0.3937 0.5285 0.8489 0 0.848911 -0.528535 0.00074149 0 0 -1
9.76648 124.459 -9.76646 0.6063 0.6063 0.5285 0.8489 0 0.848911 -0.528535 0.00074149 0 0 -1
6.51691 126.483 -6.51685 0.5709 0.5709 0.5285 0.8489 0 0.848911 -0.528535 0.00074149 0 0 -1
13.8708 119.294 -6.10085 0.4336 -0.7962 0.9701 0.2428 0 0 0 1 0.242717 -0.970062 0.00825502
13.8708 119.294 6.10095 0.5664 -0.7962 0.9701 0.2428 0 0 0 1 0.242717 -0.970062 0.00825502
14.0546 118.56 6.52985 0.571 -0.7882 0.9701 0.2428 0 0 0 1 0.242717 -0.970062 0.00825502
14.0546 118.56 6.52985 0.571 -0.7882 0.9701 0.2428 0 0 -0 1 0.242718 -0.970066 -0.0077058
14.0546 118.56 -6.52975 0.429 -0.7882 0.9701 0.2428 0 0 -0 1 0.242718 -0.970066 -0.0077058
13.8708 119.294 -6.10085 0.4336 -0.7962 0.9701 0.2428 0 0 -0 1 0.242718 -0.970066 -0.0077058
6.51691 126.483 6.51695 0.5709 0.4291 0 0.8489 0.5285 1 0 -0 -0.00113542 0.528532 -0.848913
-6.51691 126.483 6.51695 0.4291 0.4291 0 0.8489 0.5285 1 0 -0 -0.00113542 0.528532 -0.848913
-9.76642 124.459 9.76655 0.3937 0.3937 0 0.8489 0.5285 1 0 -0 -0.00113542 0.528532 -0.848913
-9.76642 124.459 9.76655 0.3937 0.3937 0 0.8489 0.5285 1 0 0 0.000743537 0.528532 -0.848913
9.76648 124.459 9.76655 0.6063 0.3937 0 0.8489 0.5285 1 0 0 0.000743537 0.528532 -0.848913
6.51691 126.483 6.51695 0.5709 0.4291 0 0.8489 0.5285 1 0 0 0.000743537 0.528532 -0.848913
5.19177 116.841 8.84425 0.5565 -0.7695 0 -0.1485 -0.9889 1 -0 0 0.029028 -0.988468 0.148621
-5.19183 116.841 8.84425 0.4435 -0.7695 0 -0.1485 -0.9889 1 -0 0 0.029028 -0.988468 0.148621
-5.12192 116.963 8.82585 0.4443 -0.7708 0 -0.1485 -0.9889 1 -0 0 0.029028 -0.988468 0.148621
-5.12192 116.963 8.82585 0.4443 -0.7708 0 -0.1485 -0.9889 1 0 0 -0.0302131 -0.988433 0.148616
5.12195 116.963 8.82585 0.5557 -0.7708 0 -0.1485 -0.9889 1 0 0 -0.0302131 -0.988433 0.148616
5.19177 116.841 8.84425 0.5565 -0.7695 0 -0.1485 -0.9889 1 0 0 -0.0302131 -0.988433 0.148616
-6.51691 126.483 6.51695 0.4291 0.4291 -0.5285 0.8489 0 0.848907 0.528542 -0.00111173 0 0 -1
-6.51691 126.483 -6.51685 0.4291 0.5709 -0.5285 0.8489 0 0.848907 0.528542 -0.00111173 0 0 -1
-9.76642 124.459 -9.76646 0.3937 0.6063 -0.5285 0.8489 0 0.848907 0.528542 -0.00111173 0 0 -1
-9.76642 124.459 -9.76646 0.3937 0.6063 -0.5285 0.8489 0 0.848907 0.528542 0.000741793 0 0 -1
-9.76642 124.459 9.76655 0.3937 0.3937 -0.5285 0.8489 0 0.848907 0.528542 0.000741793 0 0 -1
-6.51691 126.483 6.51695 0.4291 0.4291 -0.5285 0.8489 0 0.848907 0.528542 0.000741793 0 0 -1
-8.84421 116.841 5.19185 0.5565 -0.7695 0.9889 -0.1485 0 -0 -0 1 -0.148376 -0.988477 0.029957
-8.84421 116.841 -5.19175 0.4435 -0.7695 0.9889 -0.1485 0 -0 -0 1 -0.148376 -0.988477 0.029957
-8.82584 116.963 -5.12195 0.4443 -0.7708 0.9889 -0.1485 0 -0 -0 1 -0.148376 -0.988477 0.029957
-8.82584 116.963 -5.12195 0.4443 -0.7708 0.9889 -0.1485 0 0 0 1 -0.148378 -0.988487 -0.0296098
-8.82584 116.963 5.12195 0.5557 -0.7708 0.9889 -0.1485 0 0 0 1 -0.148378 -0.988487 -0.0296098
-8.84421 116.841 5.19185 0.5565 -0.7695 0.9889 -0.1485 0 0 0 1 -0.148378 -0.988487 -0.0296098
38.1684 -53.0702 -44.8567 0.9153 1.0766 0 0.1666 -0.986 1 0 0 0.000410238 -0.986018 -0.166639
45.9561 -59.5754 -45.956 1 1.1473 0 0.1666 -0.986 1 0 0 0.000410238 -0.986018 -0.166639
-45.956 -59.5754 -45.956 0 1.1473 0 0.1666 -0.986 1 0 0 0.000410238 -0.986018 -0.166639
-45.956 -59.5754 -45.956 0 1.1473 0 0.1666 -0.986 1 0 0 -0.000498866 -0.986018 -0.166639
-38.1683 -53.0702 -44.8567 0.0847 1.0766 0 0.1666 -0.986 1 0 0 -0.000498866 -0.986018 -0.166639
38.1684 -53.0702 -44.8567 0.9153 1.0766 0 0.1666 -0.986 1 0 0 -0.000498866 -0.986018 -0.166639
17.5842 68.7352 -24.2857 0.6913 -0.2468 0.002 0.167 -0.986 0.999998 0.000197867 0.00204628 4.3564e-005 -0.985964 -0.166958
24.0807 69.8687 -24.0807 0.762 -0.2591 0.002 0.167 -0.986 0.999998 0.000197867 0.00204628 4.3564e-005 -0.985964 -0.166958
45.9561 -59.5754 -45.956 1 1.1473 0.002 0.167 -0.986 0.999998 0.000197867 0.00204628 4.3564e-005 -0.985964 -0.166958
45.9561 -59.5754 -45.956 1 1.1473 -0.0001 0.1665 -0.986 1 0.000300835 -6.43531e-005 -0.000105873 -0.98604 -0.166507
38.1684 -53.0702 -44.8567 0.9153 1.0766 -0.0001 0.1665 -0.986 1 0.000300835 -6.43531e-005 -0.000105873 -0.98604 -0.166507
17.5842 68.7352 -24.2857 0.6913 -0.2468 -0.0001 0.1665 -0.986 1 0.000300835 -6.43531e-005 -0.000105873 -0.98604 -0.166507
11.2962 101.59 -18.0313 0.6229 -0.6038 0.0034 0.1886 -0.982 0.999994 2.2058e-005 0.00343717 -0.000242812 -0.982047 -0.188637
17.7617 102.879 -17.7617 0.6932 -0.6178 0.0034 0.1886 -0.982 0.999994 2.2058e-005 0.00343717 -0.000242812 -0.982047 -0.188637
24.0807 69.8687 -24.0807 0.762 -0.2591 0.0034 0.1886 -0.982 0.999994 2.2058e-005 0.00343717 -0.000242812 -0.982047 -0.188637
24.0807 69.8687 -24.0807 0.762 -0.2591 -0.0016 0.1867 -0.9824 0.999999 0.000213699 -0.00156152 8.05275e-005 -0.982414 -0.186713
17.5842 68.7352 -24.2857 0.6913 -0.2468 -0.0016 0.1867 -0.9824 0.999999 0.000213699 -0.00156152 8.05275e-005 -0.982414 -0.186713
11.2962 101.59 -18.0313 0.6229 -0.6038 -0.0016 0.1867 -0.9824 0.999999 0.000213699 -0.00156152 8.05275e-005 -0.982414 -0.186713
9.6676 108.844 -16.4425 0.6052 -0.6826 0.0032 0.22 -0.9755 0.999995 -0.000181103 0.00319778 0.000441169 -0.975501 -0.219994
16.0941 110.297 -16.094 0.6751 -0.6984 0.0032 0.22 -0.9755 0.999995 -0.000181103 0.00319778 0.000441169 -0.975501 -0.219994
17.7617 102.879 -17.7617 0.6932 -0.6178 0.0032 0.22 -0.9755 0.999995 -0.000181103 0.00319778 0.000441169 -0.975501 -0.219994
17.7617 102.879 -17.7617 0.6932 -0.6178 -0.0018 0.2136 -0.9769 0.999998 -3.65475e-005 -0.00186164 9.53083e-005 -0.976928 -0.213568
11.2962 101.59 -18.0313 0.6229 -0.6038 -0.0018 0.2136 -0.9769 0.999998 -3.65475e-005 -0.00186164 9.53083e-005 -0.976928 -0.213568
9.6676 108.844 -16.4425 0.6052 -0.6826 -0.0018 0.2136 -0.9769 0.999998 -3.65475e-005 -0.00186164 9.53083e-005 -0.976928 -0.213568
8.25946 114.454 -15.2609 0.5899 -0.7436 0.0315 0.2532 -0.9669 0.99947 -8.1019e-005 0.0325585 0.000616793 -0.967396 -0.253268
14.5551 116.367 -14.555 0.6584 -0.7644 0.0315 0.2532 -0.9669 0.99947 -8.1019e-005 0.0325585 0.000616793 -0.967396 -0.253268
16.0941 110.297 -16.094 0.6751 -0.6984 0.0315 0.2532 -0.9669 0.99947 -8.1019e-005 0.0325585 0.000616793 -0.967396 -0.253268
16.0941 110.297 -16.094 0.6751 -0.6984 0.0061 0.2076 -0.9782 0.999981 -2.33263e-005 0.0062496 0.00024581 -0.978222 -0.207559
9.6676 108.844 -16.4425 0.6052 -0.6826 0.0061 0.2076 -0.9782 0.999981 -2.33263e-005 0.0062496 0.00024581 -0.978222 -0.207559
8.25946 114.454 -15.2609 0.5899 -0.7436 0.0061 0.2076 -0.9782 0.999981 -2.33263e-005 0.0062496 0.00024581 -0.978222 -0.207559
6.52979 118.56 -14.0545 0.571 -0.7882 0.0613 0.4299 -0.9008 0.997687 0.000201602 0.0679762 -0.000592647 -0.902488 -0.430715
12.4459 121.087 -12.4457 0.6354 -0.8156 0.0613 0.4299 -0.9008 0.997687 0.000201602 0.0679762 -0.000592647 -0.902488 -0.430715
14.5551 116.367 -14.555 0.6584 -0.7644 0.0613 0.4299 -0.9008 0.997687 0.000201602 0.0679762 -0.000592647 -0.902488 -0.430715
14.5551 116.367 -14.555 0.6584 -0.7644 0.0194 0.2894 -0.957 0.999797 -0.000321857 0.0201689 -0.00151927 -0.95718 -0.289488
8.25946 114.454 -15.2609 0.5899 -0.7436 0.0194 0.2894 -0.957 0.999797 -0.000321857 0.0201689 -0.00151927 -0.95718 -0.289488
6.52979 118.56 -14.0545 0.571 -0.7882 0.0194 0.2894 -0.957 0.999797 -0.000321857 0.0201689 -0.00151927 -0.95718 -0.289488
6.10089 119.294 -13.8708 0.5664 -0.7962 0 0.6221 -0.7829 0.999998 0.00139289 0.00112127 0.000656207 -0.782935 -0.622104
9.76648 124.459 -9.76646 0.6063 -0.8523 0 0.6221 -0.7829 0.999998 0.00139289 0.00112127 0.000656207 -0.782935 -0.622104
12.4459 121.087 -12.4457 0.6354 -0.8156 0 0.6221 -0.7829 0.999998 0.00139289 0.00112127 0.000656207 -0.782935 -0.622104
12.4459 121.087 -12.4457 0.6354 -0.8156 0.1245 0.3087 -0.943 0.991321 0.00162925 0.131456 0.00656371 -0.950612 -0.310313
6.52979 118.56 -14.0545 0.571 -0.7882 0.1245 0.3087 -0.943 0.991321 0.00162925 0.131456 0.00656371 -0.950612 -0.310313
6.10089 119.294 -13.8708 0.5664 -0.7962 0.1245 0.3087 -0.943 0.991321 0.00162925 0.131456 0.00656371 -0.950612 -0.310313
-6.10092 119.294 -13.8708 0.4336 -0.7962 0 0.6221 -0.7829 1 0 0 -5.57118e-005 -0.782931 -0.622109
-9.76642 124.459 -9.76646 0.3937 -0.8523 0 0.6221 -0.7829 1 0 0 -5.57118e-005 -0.782931 -0.622109
9.76648 124.459 -9.76646 0.6063 -0.8523 0 0.6221 -0.7829 1 0 0 -5.57118e-005 -0.782931 -0.622109
9.76648 124.459 -9.76646 0.6063 -0.8523 0 0.6221 -0.7829 1 0 0 7.11609e-005 -0.782931 -0.622109
6.10089 119.294 -13.8708 0.5664 -0.7962 0 0.6221 -0.7829 1 0 0 7.11609e-005 -0.782931 -0.622109
-6.10092 119.294 -13.8708 0.4336 -0.7962 0 0.6221 -0.7829 1 0 0 7.11609e-005 -0.782931 -0.622109
-6.52982 118.56 -14.0545 0.429 -0.7882 0.0402 0.6018 -0.7976 0.998778 -0.0012949 0.0493996 -0.0010931 -0.798249 -0.602326
-12.4458 121.087 -12.4457 0.3646 -0.8156 0.0402 0.6018 -0.7976 0.998778 -0.0012949 0.0493996 -0.0010931 -0.798249 -0.602326
-9.76642 124.459 -9.76646 0.3937 -0.8523 0.0402 0.6018 -0.7976 0.998778 -0.0012949 0.0493996 -0.0010931 -0.798249 -0.602326
-9.76642 124.459 -9.76646 0.3937 -0.8523 -0.3527 0.4158 -0.8383 0.921351 -0.00202241 -0.388727 -0.00424941 -0.896573 -0.442875
-6.10092 119.294 -13.8708 0.4336 -0.7962 -0.3527 0.4158 -0.8383 0.921351 -0.00202241 -0.388727 -0.00424941 -0.896573 -0.442875
-6.52982 118.56 -14.0545 0.429 -0.7882 -0.3527 0.4158 -0.8383 0.921351 -0.00202241 -0.388727 -0.00424941 -0.896573 -0.442875
-8.25952 114.454 -15.2609 0.4101 -0.7436 0.019 0.4008 -0.916 0.999777 0.000772838 0.0211072 0.000790288 -0.916153 -0.400827
-14.555 116.367 -14.555 0.3416 -0.7644 0.019 0.4008 -0.916 0.999777 0.000772838 0.0211072 0.000790288 -0.916153 -0.400827
-12.4458 121.087 -12.4457 0.3646 -0.8156 0.019 0.4008 -0.916 0.999777 0.000772838 0.0211072 0.000790288 -0.916153 -0.400827
-12.4458 121.087 -12.4457 0.3646 -0.8156 -0.1164 0.3249 -0.9386 0.992359 -0.000809755 -0.123378 0.00126997 -0.944944 -0.327231
-6.52982 118.56 -14.0545 0.429 -0.7882 -0.1164 0.3249 -0.9386 0.992359 -0.000809755 -0.123378 0.00126997 -0.944944 -0.327231
-8.25952 114.454 -15.2609 0.4101 -0.7436 -0.1164 0.3249 -0.9386 0.992359 -0.000809755 -0.123378 0.00126997 -0.944944 -0.327231
-9.66751 108.844 -16.4425 0.3948 -0.6826 0.0028 0.2451 -0.9695 0.999996 3.18977e-006 0.00293338 -0.000547808 -0.969496 -0.245105
-16.094 110.297 -16.094 0.3249 -0.6984 0.0028 0.2451 -0.9695 0.999996 3.18977e-006 0.00293338 -0.000547808 -0.969496 -0.245105
-14.555 116.367 -14.555 0.3416 -0.7644 0.0028 0.2451 -0.9695 0.999996 3.18977e-006 0.00293338 -0.000547808 -0.969496 -0.245105
-14.555 116.367 -14.555 0.3416 -0.7644 -0.0437 0.2164 -0.9753 0.999002 0.000107583 -0.0446743 -0.000297659 -0.976269 -0.216562
-8.25952 114.454 -15.2609 0.4101 -0.7436 -0.0437 0.2164 -0.9753 0.999002 0.000107583 -0.0446743 -0.000297659 -0.976269 -0.216562
-9.66751 108.844 -16.4425 0.3948 -0.6826 -0.0437 0.2164 -0.9753 0.999002 0.000107583 -0.0446743 -0.000297659 -0.976269 -0.216562
-11.2962 101.59 -18.0313 0.3771 -0.6038 0.0029 0.2187 -0.9758 0.999996 5.32313e-006 0.00295441 -0.000382595 -0.975791 -0.218704
-17.7617 102.879 -17.7617 0.3068 -0.6178 0.0029 0.2187 -0.9758 0.999996 5.32313e-006 0.00295441 -0.000382595 -0.975791 -0.218704
-16.094 110.297 -16.094 0.3249 -0.6984 0.0029 0.2187 -0.9758 0.999996 5.32313e-006 0.00295441 -0.000382595 -0.975791 -0.218704
-16.094 110.297 -16.094 0.3249 -0.6984 -0.0044 0.2149 -0.9766 0.99999 0.000216371 -0.00443166 -0.000180286 -0.976638 -0.214892
-9.66751 108.844 -16.4425 0.3948 -0.6826 -0.0044 0.2149 -0.9766 0.99999 0.000216371 -0.00443166 -0.000180286 -0.976638 -0.214892
-11.2962 101.59 -18.0313 0.3771 -0.6038 -0.0044 0.2149 -0.9766 0.99999 0.000216371 -0.00443166 -0.000180286 -0.976638 -0.214892
-17.5842 68.7352 -24.2857 0.3087 -0.2468 0.0018 0.1877 -0.9822 0.999999 -0.000220545 0.00173987 8.36141e-005 -0.982228 -0.18769
-24.0807 69.8687 -24.0807 0.238 -0.2591 0.0018 0.1877 -0.9822 0.999999 -0.000220545 0.00173987 8.36141e-005 -0.982228 -0.18769
-17.7617 102.879 -17.7617 0.3068 -0.6178 0.0018 0.1877 -0.9822 0.999999 -0.000220545 0.00173987 8.36141e-005 -0.982228 -0.18769
-17.7617 102.879 -17.7617 0.3068 -0.6178 -0.0036 0.1877 -0.9822 0.999993 -1.42655e-005 -0.0036402 7.91503e-005 -0.982233 -0.187664
-11.2962 101.59 -18.0313 0.3771 -0.6038 -0.0036 0.1877 -0.9822 0.999993 -1.42655e-005 -0.0036402 7.91503e-005 -0.982233 -0.187664
-17.5842 68.7352 -24.2857 0.3087 -0.2468 -0.0036 0.1877 -0.9822 0.999993 -1.42655e-005 -0.0036402 7.91503e-005 -0.982233 -0.187664
-38.1683 -53.0702 -44.8567 0.0847 1.0766 0 0.1666 -0.986 1 -0.000295551 -4.26851e-005 6.61513e-005 -0.986019 -0.166631
-45.956 -59.5754 -45.956 0 1.1473 0 0.1666 -0.986 1 -0.000295551 -4.26851e-005 6.61513e-005 -0.986019 -0.166631
-24.0807 69.8687 -24.0807 0.238 -0.2591 0 0.1666 -0.986 1 -0.000295551 -4.26851e-005 6.61513e-005 -0.986019 -0.166631
-24.0807 69.8687 -24.0807 0.238 -0.2591 -0.002 0.1669 -0.986 0.999998 -0.00019697 -0.00206491 -9.15457e-006 -0.985981 -0.166855
-17.5842 68.7352 -24.2857 0.3087 -0.2468 -0.002 0.1669 -0.986 0.999998 -0.00019697 -0.00206491 -9.15457e-006 -0.985981 -0.166855
-38.1683 -53.0702 -44.8567 0.0847 1.0766 -0.002 0.1669 -0.986 0.999998 -0.00019697 -0.00206491 -9.15457e-006 -0.985981 -0.166855
36.3271 -52.4722 -39.1916 0.8952 0.9264 0 0.9945 -0.105 1 0 0 -0.00105192 -0.104975 -0.994474
38.1684 -53.0702 -44.8567 0.9153 0.988 0 0.9945 -0.105 1 0 0 -0.00105192 -0.104975 -0.994474
-38.1683 -53.0702 -44.8567 0.0847 0.988 0 0.9945 -0.105 1 0 0 -0.00105192 -0.104975 -0.994474
-38.1683 -53.0702 -44.8567 0.0847 0.988 0 0.9945 -0.105 1 0 0 0.00112189 -0.104975 -0.994474
-36.3271 -52.4722 -39.1916 0.1048 0.9264 0 0.9945 -0.105 1 0 0 0.00112189 -0.104975 -0.994474
36.3271 -52.4722 -39.1916 0.8952 0.9264 0 0.9945 -0.105 1 0 0 0.00112189 -0.104975 -0.994474
16.0483 67.5273 -18.9286 0.7059 -0.2337 -0.9486 -0.1102 -0.2968 0.298575 0.000391341 -0.954386 0.11539 -0.99332 -4.98929e-005
17.5842 68.7352 -24.2857 0.7642 -0.2468 -0.9486 -0.1102 -0.2968 0.298575 0.000391341 -0.954386 0.11539 -0.99332 -4.98929e-005
38.1684 -53.0702 -44.8567 0.988 1.0766 -0.9486 -0.1102 -0.2968 0.298575 0.000391341 -0.954386 0.11539 -0.99332 -4.98929e-005
38.1684 -53.0702 -44.8567 0.988 1.0766 -0.9486 -0.1102 -0.2967 0.298499 4.2753e-005 -0.95441 0.115361 -0.993324 0.000130612
36.3271 -52.4722 -39.1916 0.9264 1.0701 -0.9486 -0.1102 -0.2967 0.298499 4.2753e-005 -0.95441 0.115361 -0.993324 0.000130612
16.0483 67.5273 -18.9286 0.7059 -0.2337 -0.9486 -0.1102 -0.2967 0.298499 4.2753e-005 -0.95441 0.115361 -0.993324 0.000130612
9.76746 100.345 -12.6887 0.6381 -0.5903 -0.946 -0.124 -0.2996 0.301858 0.000422364 -0.953353 0.13 -0.991514 -3.56636e-005
11.2962 101.59 -18.0313 0.6962 -0.6038 -0.946 -0.124 -0.2996 0.301858 0.000422364 -0.953353 0.13 -0.991514 -3.56636e-005
17.5842 68.7352 -24.2857 0.7642 -0.2468 -0.946 -0.124 -0.2996 0.301858 0.000422364 -0.953353 0.13 -0.991514 -3.56636e-005
17.5842 68.7352 -24.2857 0.7642 -0.2468 -0.9461 -0.1242 -0.2993 0.301522 0.000410906 -0.953459 0.130217 -0.991485 -0.000285802
16.0483 67.5273 -18.9286 0.7059 -0.2337 -0.9461 -0.1242 -0.2993 0.301522 0.000410906 -0.953459 0.130217 -0.991485 -0.000285802
9.76746 100.345 -12.6887 0.6381 -0.5903 -0.9461 -0.1242 -0.2993 0.301522 0.000410906 -0.953459 0.130217 -0.991485 -0.000285802
8.14807 107.559 -11.1114 0.6209 -0.6687 -0.9418 -0.145 -0.3034 0.30649 0.000971895 -0.951873 0.152107 -0.988364 0.000176216
9.6676 108.844 -16.4425 0.6789 -0.6826 -0.9418 -0.145 -0.3034 0.30649 0.000971895 -0.951873 0.152107 -0.988364 0.000176216
11.2962 101.59 -18.0313 0.6962 -0.6038 -0.9418 -0.145 -0.3034 0.30649 0.000971895 -0.951873 0.152107 -0.988364 0.000176216
11.2962 101.59 -18.0313 0.6962 -0.6038 -0.9418 -0.1451 -0.3033 0.30647 0.000467792 -0.95188 0.152101 -0.988365 0.000568093
9.76746 100.345 -12.6887 0.6381 -0.5903 -0.9418 -0.1451 -0.3033 0.30647 0.000467792 -0.95188 0.152101 -0.988365 0.000568093
8.14807 107.559 -11.1114 0.6209 -0.6687 -0.9418 -0.1451 -0.3033 0.30647 0.000467792 -0.95188 0.152101 -0.988365 0.000568093
6.77118 113.049 -9.97704 0.6086 -0.7283 -0.9359 -0.1698 -0.3088 0.313375 -0.000386526 -0.94963 0.178275 -0.98398 0.000980127
8.25946 114.454 -15.2609 0.666 -0.7436 -0.9359 -0.1698 -0.3088 0.313375 -0.000386526 -0.94963 0.178275 -0.98398 0.000980127
9.6676 108.844 -16.4425 0.6789 -0.6826 -0.9359 -0.1698 -0.3088 0.313375 -0.000386526 -0.94963 0.178275 -0.98398 0.000980127
9.6676 108.844 -16.4425 0.6789 -0.6826 -0.9359 -0.1711 -0.308 0.312468 0.000805061 -0.949928 0.180005 -0.983665 -0.000635827
8.14807 107.559 -11.1114 0.6209 -0.6687 -0.9359 -0.1711 -0.308 0.312468 0.000805061 -0.949928 0.180005 -0.983665 -0.000635827
6.77118 113.049 -9.97704 0.6086 -0.7283 -0.9359 -0.1711 -0.308 0.312468 0.000805061 -0.949928 0.180005 -0.983665 -0.000635827
5.12195 116.963 -8.82575 0.596 -0.7708 -0.901 -0.2829 -0.329 0.343215 -0.00087478 -0.939256 0.29979 -0.954005 -0.000552984
6.52979 118.56 -14.0545 0.6529 -0.7882 -0.901 -0.2829 -0.329 0.343215 -0.00087478 -0.939256 0.29979 -0.954005 -0.000552984
8.25946 114.454 -15.2609 0.666 -0.7436 -0.901 -0.2829 -0.329 0.343215 -0.00087478 -0.939256 0.29979 -0.954005 -0.000552984
8.25946 114.454 -15.2609 0.666 -0.7436 -0.901 -0.2829 -0.329 0.34318 -0.000675391 -0.93927 0.298906 -0.95428 0.00194172
6.77118 113.049 -9.97704 0.6086 -0.7283 -0.901 -0.2829 -0.329 0.34318 -0.000675391 -0.93927 0.298906 -0.95428 0.00194172
5.12195 116.963 -8.82575 0.596 -0.7708 -0.901 -0.2829 -0.329 0.34318 -0.000675391 -0.93927 0.298906 -0.95428 0.00194172
5.19177 116.841 -8.84415 0.5962 -0.7695 -0.8443 -0.4053 -0.3505 0.383296 0.000298169 -0.923625 0.432766 -0.901506 -1.19188e-006
6.10089 119.294 -13.8708 0.6509 -0.7962 -0.8443 -0.4053 -0.3505 0.383296 0.000298169 -0.923625 0.432766 -0.901506 -1.19188e-006
6.52979 118.56 -14.0545 0.6529 -0.7882 -0.8443 -0.4053 -0.3505 0.383296 0.000298169 -0.923625 0.432766 -0.901506 -1.19188e-006
6.52979 118.56 -14.0545 0.6529 -0.7882 0.8344 0.4227 0.3537 0.393336 -0.00703075 -0.919368 0.45209 -0.891972 -0.000178843
5.12195 116.963 -8.82575 0.596 -0.7708 0.8344 0.4227 0.3537 0.393336 -0.00703075 -0.919368 0.45209 -0.891972 -0.000178843
5.19177 116.841 -8.84415 0.5962 -0.7695 0.8344 0.4227 0.3537 0.393336 -0.00703075 -0.919368 0.45209 -0.891972 -0.000178843
-5.19183 116.841 -8.84415 0.5565 0.5962 0 -0.8987 -0.4386 -1 0 0 9.52301e-005 0.438597 -0.898684
-6.10092 119.294 -13.8708 0.5664 0.6509 0 -0.8987 -0.4386 -1 0 0 9.52301e-005 0.438597 -0.898684
6.10089 119.294 -13.8708 0.4336 0.6509 0 -0.8987 -0.4386 -1 0 0 9.52301e-005 0.438597 -0.898684
6.10089 119.294 -13.8708 0.4336 0.6509 0 -0.8987 -0.4386 -1 0 0 -0.000106529 0.438597 -0.898684
5.19177 116.841 -8.84415 0.4435 0.5962 0 -0.8987 -0.4386 -1 0 0 -0.000106529 0.438597 -0.898684
-5.19183 116.841 -8.84415 0.5565 0.5962 0 -0.8987 -0.4386 -1 0 0 -0.000106529 0.438597 -0.898684
-5.12192 116.963 -8.82575 0.404 -0.7708 0.8442 -0.4051 -0.351 0.383989 0.000199682 0.923338 -0.432653 -0.90156 -3.58363e-006
-6.52982 118.56 -14.0545 0.3471 -0.7882 0.8442 -0.4051 -0.351 0.383989 0.000199682 0.923338 -0.432653 -0.90156 -3.58363e-006
-6.10092 119.294 -13.8708 0.3491 -0.7962 0.8442 -0.4051 -0.351 0.383989 0.000199682 0.923338 -0.432653 -0.90156 -3.58363e-006
-6.10092 119.294 -13.8708 0.3491 -0.7962 -0.8336 0.4218 0.3566 0.39803 0.0102793 0.917315 -0.452158 -0.891938 -0.000155375
-5.19183 116.841 -8.84415 0.4038 -0.7695 -0.8336 0.4218 0.3566 0.39803 0.0102793 0.917315 -0.452158 -0.891938 -0.000155375
-5.12192 116.963 -8.82575 0.404 -0.7708 -0.8336 0.4218 0.3566 0.39803 0.0102793 0.917315 -0.452158 -0.891938 -0.000155375
-6.77121 113.049 -9.97704 0.3914 -0.7283 0.901 -0.2829 -0.329 0.343166 0.000563194 0.939275 -0.299637 -0.954053 -0.000107219
-8.25952 114.454 -15.2609 0.334 -0.7436 0.901 -0.2829 -0.329 0.343166 0.000563194 0.939275 -0.299637 -0.954053 -0.000107219
-6.52982 118.56 -14.0545 0.3471 -0.7882 0.901 -0.2829 -0.329 0.343166 0.000563194 0.939275 -0.299637 -0.954053 -0.000107219
-6.52982 118.56 -14.0545 0.3471 -0.7882 0.901 -0.2829 -0.3289 0.34325 0.0010023 0.939243 -0.299083 -0.954226 0.00147096
-5.12192 116.963 -8.82575 0.404 -0.7708 0.901 -0.2829 -0.3289 0.34325 0.0010023 0.939243 -0.299083 -0.954226 0.00147096
-6.77121 113.049 -9.97704 0.3914 -0.7283 0.901 -0.2829 -0.3289 0.34325 0.0010023 0.939243 -0.299083 -0.954226 0.00147096
-8.14801 107.559 -11.1114 0.3791 -0.6687 0.9361 -0.1701 -0.3078 0.312183 -0.00116632 0.950021 -0.178562 -0.983928 0.000690086
-9.66751 108.844 -16.4425 0.3211 -0.6826 0.9361 -0.1701 -0.3078 0.312183 -0.00116632 0.950021 -0.178562 -0.983928 0.000690086
-8.25952 114.454 -15.2609 0.334 -0.7436 0.9361 -0.1701 -0.3078 0.312183 -0.00116632 0.950021 -0.178562 -0.983928 0.000690086
-8.25952 114.454 -15.2609 0.334 -0.7436 0.9356 -0.1708 -0.3089 0.31368 0.000786773 0.949528 -0.17968 -0.983725 -0.00034675
-6.77121 113.049 -9.97704 0.3914 -0.7283 0.9356 -0.1708 -0.3089 0.31368 0.000786773 0.949528 -0.17968 -0.983725 -0.00034675
-8.14801 107.559 -11.1114 0.3791 -0.6687 0.9356 -0.1708 -0.3089 0.31368 0.000786773 0.949528 -0.17968 -0.983725 -0.00034675
-9.76752 100.345 -12.6887 0.3619 -0.5903 0.9418 -0.145 -0.3033 0.306465 -0.000363008 0.951882 -0.152122 -0.988362 0.000265638
-11.2962 101.59 -18.0313 0.3038 -0.6038 0.9418 -0.145 -0.3033 0.306465 -0.000363008 0.951882 -0.152122 -0.988362 0.000265638
-9.66751 108.844 -16.4425 0.3211 -0.6826 0.9418 -0.145 -0.3033 0.306465 -0.000363008 0.951882 -0.152122 -0.988362 0.000265638
-9.66751 108.844 -16.4425 0.3211 -0.6826 0.9418 -0.1451 -0.3034 0.306493 -0.00107995 0.951872 -0.152119 -0.988362 0.000477918
-8.14801 107.559 -11.1114 0.3791 -0.6687 0.9418 -0.1451 -0.3034 0.306493 -0.00107995 0.951872 -0.152119 -0.988362 0.000477918
-9.76752 100.345 -12.6887 0.3619 -0.5903 0.9418 -0.1451 -0.3034 0.306493 -0.00107995 0.951872 -0.152119 -0.988362 0.000477918
-16.0483 67.5273 -18.9286 0.2941 -0.2337 0.9461 -0.1241 -0.2992 0.301514 -0.000410484 0.953462 -0.130117 -0.991499 -0.000170225
-17.5842 68.7352 -24.2857 0.2358 -0.2468 0.9461 -0.1241 -0.2992 0.301514 -0.000410484 0.953462 -0.130117 -0.991499 -0.000170225
-11.2962 101.59 -18.0313 0.3038 -0.6038 0.9461 -0.1241 -0.2992 0.301514 -0.000410484 0.953462 -0.130117 -0.991499 -0.000170225
-11.2962 101.59 -18.0313 0.3038 -0.6038 0.946 -0.1241 -0.2996 0.301866 -0.000422801 0.95335 -0.130101 -0.991501 -0.00015101
-9.76752 100.345 -12.6887 0.3619 -0.5903 0.946 -0.1241 -0.2996 0.301866 -0.000422801 0.95335 -0.130101 -0.991501 -0.00015101
-16.0483 67.5273 -18.9286 0.2941 -0.2337 0.946 -0.1241 -0.2996 0.301866 -0.000422801 0.95335 -0.130101 -0.991501 -0.00015101
-36.3271 -52.4722 -39.1916 0.0736 1.0701 0.9486 -0.1102 -0.2967 0.298485 -4.44842e-005 0.954414 -0.115369 -0.993323 9.11072e-005
-38.1683 -53.0702 -44.8567 0.012 1.0766 0.9486 -0.1102 -0.2967 0.298485 -4.44842e-005 0.954414 -0.115369 -0.993323 9.11072e-005
-17.5842 68.7352 -24.2857 0.2358 -0.2468 0.9486 -0.1102 -0.2967 0.298485 -4.44842e-005 0.954414 -0.115369 -0.993323 9.11072e-005
-17.5842 68.7352 -24.2857 0.2358 -0.2468 0.9486 -0.1102 -0.2968 0.29858 -0.00039484 0.954384 -0.115383 -0.993321 -1.25631e-005
-16.0483 67.5273 -18.9286 0.2941 -0.2337 0.9486 -0.1102 -0.2968 0.29858 -0.00039484 0.954384 -0.115383 -0.993321 -1.25631e-005
-36.3271 -52.4722 -39.1916 0.0736 1.0701 0.9486 -0.1102 -0.2968 0.29858 -0.00039484 0.954384 -0.115383 -0.993321 -1.25631e-005
-24.2857 68.7352 -17.5843 0.6913 -0.2468 -0.986 0.167 -0.002 0.00204872 0.000197871 -0.999998 -0.166958 -0.985964 -4.68326e-005
-24.0807 69.8687 -24.0807 0.762 -0.2591 -0.986 0.167 -0.002 0.00204872 0.000197871 -0.999998 -0.166958 -0.985964 -4.68326e-005
-45.956 -59.5754 -45.956 1 1.1473 -0.986 0.167 -0.002 0.00204872 0.000197871 -0.999998 -0.166958 -0.985964 -4.68326e-005
-45.956 -59.5754 -45.956 1 1.1473 -0.986 0.1665 0.0001 -5.07891e-005 0.000300829 -1 -0.166509 -0.98604 0.000111472
-44.8567 -53.0702 -38.1683 0.9153 1.0766 -0.986 0.1665 0.0001 -5.07891e-005 0.000300829 -1 -0.166509 -0.98604 0.000111472
-24.2857 68.7352 -17.5843 0.6913 -0.2468 -0.986 0.1665 0.0001 -5.07891e-005 0.000300829 -1 -0.166509 -0.98604 0.000111472
-18.0314 101.59 -11.2962 0.6229 -0.6038 -0.982 0.1886 -0.0034 0.00343942 2.20579e-005 -0.999994 -0.188637 -0.982047 0.000244975
-17.7617 102.879 -17.7617 0.6932 -0.6178 -0.982 0.1886 -0.0034 0.00343942 2.20579e-005 -0.999994 -0.188637 -0.982047 0.000244975
-24.0807 69.8687 -24.0807 0.762 -0.2591 -0.982 0.1886 -0.0034 0.00343942 2.20579e-005 -0.999994 -0.188637 -0.982047 0.000244975
-24.0807 69.8687 -24.0807 0.762 -0.2591 -0.9824 0.1867 0.0016 -0.00155927 0.000213703 -0.999999 -0.186714 -0.982414 -8.79191e-005
-24.2857 68.7352 -17.5843 0.6913 -0.2468 -0.9824 0.1867 0.0016 -0.00155927 0.000213703 -0.999999 -0.186714 -0.982414 -8.79191e-005
-18.0314 101.59 -11.2962 0.6229 -0.6038 -0.9824 0.1867 0.0016 -0.00155927 0.000213703 -0.999999 -0.186714 -0.982414 -8.79191e-005
-16.4426 108.844 -9.66744 0.6052 -0.6826 -0.9755 0.22 -0.0032 0.00321087 -0.000181099 -0.999995 -0.220009 -0.975498 -0.000436259
-16.094 110.297 -16.094 0.6751 -0.6984 -0.9755 0.22 -0.0032 0.00321087 -0.000181099 -0.999995 -0.220009 -0.975498 -0.000436259
-17.7617 102.879 -17.7617 0.6932 -0.6178 -0.9755 0.22 -0.0032 0.00321087 -0.000181099 -0.999995 -0.220009 -0.975498 -0.000436259
-17.7617 102.879 -17.7617 0.6932 -0.6178 -0.9769 0.2136 0.0018 -0.00185936 -3.65472e-005 -0.999998 -0.213568 -0.976928 -0.00010755
-18.0314 101.59 -11.2962 0.6229 -0.6038 -0.9769 0.2136 0.0018 -0.00185936 -3.65472e-005 -0.999998 -0.213568 -0.976928 -0.00010755
-16.4426 108.844 -9.66744 0.6052 -0.6826 -0.9769 0.2136 0.0018 -0.00185936 -3.65472e-005 -0.999998 -0.213568 -0.976928 -0.00010755
-15.261 114.454 -8.25945 0.5899 -0.7436 -0.9669 0.2532 -0.0315 0.032572 -8.1019e-005 -0.999469 -0.253271 -0.967395 -0.000616792
